playerID,GP,GS,minutes,points,oRebounds,dRebounds,rebounds,assists,steals,blocks,turnovers,PF,fgAttempted,fgMade,ftAttempted,ftMade,threeAttempted,threeMade,dq,height,weight,birthDate,deathDate,year,tmID
abrossv01w,,,,,,,,,,,,,,,,,,,,,,,,2,MIN
abrossv01w,26.0,23.0,846.0,343.0,43.0,131.0,174.0,53.0,42.0,9.0,85.0,70.0,293.0,114.0,132.0,96.0,76.0,19.0,2.0,74.0,169.0,1980-07-09,0000-00-00,3,MIN
abrossv01w,27.0,27.0,805.0,314.0,45.0,101.0,146.0,60.0,42.0,10.0,92.0,73.0,316.0,119.0,116.0,56.0,60.0,20.0,0.0,74.0,169.0,1980-07-09,0000-00-00,4,MIN
abrossv01w,30.0,25.0,792.0,318.0,44.0,97.0,141.0,82.0,44.0,11.0,90.0,79.0,285.0,112.0,98.0,69.0,82.0,25.0,0.0,74.0,169.0,1980-07-09,0000-00-00,5,MIN
abrossv01w,22.0,11.0,462.0,146.0,17.0,57.0,74.0,45.0,30.0,2.0,43.0,42.0,139.0,49.0,46.0,28.0,53.0,20.0,0.0,74.0,169.0,1980-07-09,0000-00-00,6,MIN
abrossv01w,31.0,31.0,777.0,304.0,29.0,78.0,107.0,60.0,48.0,6.0,80.0,86.0,276.0,109.0,73.0,53.0,82.0,33.0,0.0,74.0,169.0,1980-07-09,0000-00-00,7,MIN
abrossv01w,34.0,2.0,724.0,263.0,44.0,62.0,106.0,54.0,34.0,1.0,61.0,66.0,241.0,99.0,62.0,41.0,65.0,24.0,0.0,74.0,169.0,1980-07-09,0000-00-00,8,MIN
abrossv01w,34.0,29.0,843.0,345.0,53.0,97.0,150.0,85.0,44.0,4.0,68.0,86.0,298.0,132.0,43.0,36.0,101.0,45.0,0.0,74.0,169.0,1980-07-09,0000-00-00,9,CON
adamsjo01w,,,,,,,,,,,,,,,,,,,,,,,,4,MIN
aguilel01w,,,,,,,,,,,,,,,,,,,,,,,,3,UTA
ajavoma01w,,,,,,,,,,,,,,,,,,,,,,,,9,HOU
ajavoma01w,34.0,2.0,604.0,273.0,33.0,27.0,60.0,59.0,31.0,6.0,55.0,85.0,284.0,94.0,91.0,72.0,68.0,13.0,1.0,68.0,160.0,1986-05-07,0000-00-00,10,WAS
aldrima01w,,,,,,,,,,,,,,,,,,,,,,,,1,WAS
aldrima01w,29.0,0.0,272.0,63.0,8.0,16.0,24.0,28.0,9.0,4.0,27.0,30.0,54.0,25.0,22.0,7.0,12.0,6.0,0.0,71.0,153.0,1973-09-15,0000-00-00,2,WAS
alhalta01w,,,,,,,,,,,,,,,,,,,,,,,,2,ORL
allench01w,,,,,,,,,,,,,,,,,,,,,,,,9,SAC
amachma01w,,,,,,,,,,,,,,,,,,,,,,,,2,NYL
amachma01w,2.0,0.0,3.0,1.0,1.0,0.0,1.0,0.0,0.0,1.0,1.0,2.0,0.0,0.0,2.0,1.0,0.0,0.0,0.0,73.0,175.0,1978-01-30,0000-00-00,4,SEA
amachma01w,7.0,0.0,47.0,8.0,4.0,10.0,14.0,0.0,5.0,2.0,9.0,3.0,10.0,3.0,4.0,2.0,0.0,0.0,0.0,73.0,175.0,1978-01-30,0000-00-00,6,WAS
ambermo01w,,,,,,,,,,,,,,,,,,,,,,,,3,SAC
anderam01w,,,,,,,,,,,,,,,,,,,,,,,,7,CON
anderam01w,,,,,,,,,,,,,,,,,,,,,,,,7,NYL
anderch01w,,,,,,,,,,,,,,,,,,,,,,,,4,SAC
anderch01w,26.0,0.0,171.0,42.0,7.0,17.0,24.0,5.0,5.0,5.0,17.0,33.0,44.0,19.0,12.0,4.0,0.0,0.0,1.0,78.0,190.0,1981-01-22,0000-00-00,5,SAC
anderch01w,30.0,0.0,231.0,77.0,14.0,20.0,34.0,5.0,3.0,6.0,25.0,46.0,64.0,25.0,37.0,27.0,0.0,0.0,0.0,78.0,190.0,1981-01-22,0000-00-00,6,SAS
anderch01w,34.0,19.0,669.0,203.0,28.0,62.0,90.0,11.0,8.0,15.0,55.0,106.0,178.0,83.0,46.0,37.0,0.0,0.0,5.0,78.0,190.0,1981-01-22,0000-00-00,7,SAS
anderch01w,23.0,20.0,414.0,153.0,28.0,57.0,85.0,15.0,7.0,10.0,29.0,73.0,112.0,59.0,45.0,35.0,0.0,0.0,0.0,78.0,190.0,1981-01-22,0000-00-00,8,SAS
anderjo01w,,,,,,,,,,,,,,,,,,,,,,,,9,CON
anderke01w,,,,,,,,,,,,,,,,,,,,,,,,1,WAS
anderke01w,30.0,9.0,434.0,75.0,12.0,34.0,46.0,75.0,25.0,3.0,47.0,53.0,68.0,29.0,18.0,14.0,8.0,3.0,0.0,67.0,125.0,1974-05-17,0000-00-00,2,CHA
anderke01w,18.0,0.0,102.0,12.0,3.0,12.0,15.0,14.0,6.0,0.0,17.0,8.0,16.0,2.0,10.0,8.0,2.0,0.0,0.0,67.0,125.0,1974-05-17,0000-00-00,3,CHA
andrame01w,,,,,,,,,,,,,,,,,,,,,,,,1,CLE
andrame01w,32.0,18.0,797.0,265.0,32.0,63.0,95.0,75.0,41.0,10.0,65.0,91.0,195.0,89.0,80.0,60.0,75.0,27.0,1.0,71.0,165.0,1975-12-31,0000-00-00,2,CLE
andrame01w,32.0,32.0,893.0,152.0,21.0,66.0,87.0,100.0,51.0,10.0,61.0,77.0,171.0,58.0,45.0,30.0,30.0,6.0,0.0,71.0,165.0,1975-12-31,0000-00-00,3,CLE
andrame01w,32.0,16.0,665.0,91.0,17.0,39.0,56.0,67.0,29.0,6.0,41.0,82.0,111.0,34.0,23.0,18.0,26.0,5.0,2.0,71.0,165.0,1975-12-31,0000-00-00,5,CHA
anosini01w,,,,,,,,,,,,,,,,,,,,,,,,9,MIN
anosini01w,34.0,34.0,920.0,314.0,78.0,153.0,231.0,45.0,75.0,43.0,42.0,125.0,226.0,99.0,166.0,116.0,1.0,0.0,2.0,75.0,211.0,1986-02-27,0000-00-00,10,MIN
arcaija01w,,,,,,,,,,,,,,,,,,,,,,,,1,HOU
arcaija01w,32.0,32.0,977.0,268.0,36.0,83.0,119.0,60.0,42.0,3.0,53.0,66.0,233.0,109.0,49.0,41.0,45.0,9.0,1.0,71.0,147.0,1969-04-11,0000-00-00,2,HOU
arcaija01w,32.0,32.0,1154.0,591.0,49.0,87.0,136.0,94.0,60.0,3.0,83.0,82.0,509.0,217.0,150.0,135.0,66.0,22.0,1.0,71.0,147.0,1969-04-11,0000-00-00,3,HOU
arcaija01w,32.0,32.0,1116.0,364.0,42.0,84.0,126.0,86.0,51.0,6.0,71.0,49.0,302.0,128.0,111.0,98.0,37.0,10.0,0.0,71.0,147.0,1969-04-11,0000-00-00,4,HOU
arcaija01w,34.0,34.0,1136.0,390.0,24.0,112.0,136.0,67.0,41.0,1.0,50.0,64.0,324.0,151.0,94.0,79.0,37.0,9.0,0.0,71.0,147.0,1969-04-11,0000-00-00,6,HOU
askamma01w,,,,,,,,,,,,,,,,,,,,,,,,1,MIA
askamma01w,32.0,32.0,869.0,251.0,96.0,135.0,231.0,29.0,17.0,21.0,49.0,95.0,209.0,85.0,117.0,80.0,2.0,1.0,0.0,77.0,198.0,1970-08-07,0000-00-00,2,MIA
askamma01w,30.0,11.0,431.0,74.0,35.0,52.0,87.0,15.0,12.0,11.0,19.0,62.0,58.0,28.0,32.0,18.0,0.0,0.0,0.0,77.0,198.0,1970-08-07,0000-00-00,3,MIA
askamma01w,30.0,11.0,431.0,74.0,35.0,52.0,87.0,15.0,12.0,11.0,19.0,62.0,58.0,28.0,32.0,18.0,0.0,0.0,0.0,77.0,198.0,1970-08-07,0000-00-00,3,LAS
atkinla01w,,,,,,,,,,,,,,,,,,,,,,,,7,IND
atkinla01w,33.0,1.0,417.0,99.0,25.0,51.0,76.0,22.0,18.0,5.0,34.0,31.0,87.0,38.0,39.0,18.0,17.0,5.0,0.0,72.0,172.0,1984-03-22,0000-00-00,8,SAC
atkinla01w,28.0,0.0,226.0,58.0,13.0,31.0,44.0,15.0,10.0,5.0,33.0,15.0,47.0,22.0,19.0,14.0,2.0,0.0,0.0,72.0,172.0,1984-03-22,0000-00-00,9,SAC
atkinla01w,5.0,1.0,73.0,14.0,3.0,11.0,14.0,8.0,5.0,2.0,10.0,5.0,16.0,6.0,4.0,2.0,1.0,0.0,0.0,72.0,172.0,1984-03-22,0000-00-00,10,SEA
atunrmo01w,,,,,,,,,,,,,,,,,,,,,,,,9,SAS
augusse01w,,,,,,,,,,,,,,,,,,,,,,,,7,MIN
augusse01w,34.0,34.0,1124.0,744.0,15.0,113.0,128.0,50.0,21.0,18.0,71.0,58.0,620.0,283.0,165.0,148.0,85.0,30.0,0.0,72.0,179.0,1984-04-30,0000-00-00,8,MIN
augusse01w,34.0,34.0,1093.0,769.0,37.0,99.0,136.0,79.0,41.0,21.0,83.0,58.0,583.0,296.0,173.0,151.0,62.0,26.0,0.0,72.0,179.0,1984-04-30,0000-00-00,9,MIN
augusse01w,31.0,31.0,1042.0,591.0,28.0,92.0,120.0,83.0,32.0,12.0,52.0,46.0,496.0,233.0,118.0,105.0,63.0,20.0,0.0,72.0,179.0,1984-04-30,0000-00-00,10,MIN
aycocan01w,,,,,,,,,,,,,,,,,,,,,,,,1,SEA
aycocan01w,,,,,,,,,,,,,,,,,,,,,,,,1,MIN
azizle01w,,,,,,,,,,,,,,,,,,,,,,,,4,IND
azzije01w,,,,,,,,,,,,,,,,,,,,,,,,1,UTA
azzije01w,15.0,15.0,559.0,144.0,5.0,36.0,41.0,92.0,12.0,5.0,28.0,43.0,104.0,47.0,43.0,40.0,24.0,10.0,0.0,68.0,143.0,1968-08-31,0000-00-00,2,UTA
azzije01w,32.0,32.0,1205.0,276.0,10.0,88.0,98.0,171.0,22.0,10.0,69.0,89.0,184.0,75.0,96.0,88.0,74.0,38.0,1.0,68.0,143.0,1968-08-31,0000-00-00,3,UTA
azzije01w,32.0,32.0,1151.0,306.0,15.0,54.0,69.0,158.0,27.0,14.0,67.0,102.0,198.0,91.0,104.0,83.0,92.0,41.0,0.0,68.0,143.0,1968-08-31,0000-00-00,4,SAS
badertr01w,,,,,,,,,,,,,,,,,,,,,,,,1,CLE
badertr01w,25.0,0.0,201.0,47.0,2.0,9.0,11.0,21.0,17.0,1.0,18.0,16.0,48.0,17.0,6.0,5.0,24.0,8.0,0.0,64.0,125.0,1973-02-26,0000-00-00,2,CLE
badertr01w,19.0,0.0,114.0,21.0,2.0,10.0,12.0,11.0,5.0,0.0,8.0,7.0,20.0,8.0,0.0,0.0,13.0,5.0,0.0,64.0,125.0,1973-02-26,0000-00-00,3,CLE
bakersh01w,,,,,,,,,,,,,,,,,,,,,,,,7,NYL
bakersh01w,34.0,16.0,614.0,251.0,23.0,33.0,56.0,35.0,46.0,2.0,50.0,69.0,251.0,97.0,56.0,48.0,33.0,9.0,0.0,68.0,125.0,1982-12-03,0000-00-00,8,NYL
bakersh01w,34.0,16.0,614.0,251.0,23.0,33.0,56.0,35.0,46.0,2.0,50.0,69.0,251.0,97.0,56.0,48.0,33.0,9.0,0.0,68.0,125.0,1982-12-03,0000-00-00,8,LAS
bakersh01w,27.0,11.0,505.0,208.0,17.0,53.0,70.0,77.0,36.0,2.0,65.0,59.0,194.0,65.0,84.0,70.0,34.0,8.0,1.0,68.0,125.0,1982-12-03,0000-00-00,9,IND
bakersh01w,13.0,0.0,110.0,49.0,7.0,15.0,22.0,15.0,9.0,1.0,11.0,15.0,37.0,12.0,34.0,25.0,1.0,0.0,0.0,68.0,125.0,1982-12-03,0000-00-00,10,DET
balesal01w,,,,,,,,,,,,,,,,,,,,,,,,8,IND
balesal01w,17.0,0.0,169.0,55.0,12.0,33.0,45.0,2.0,4.0,13.0,7.0,14.0,42.0,24.0,8.0,7.0,0.0,0.0,0.0,79.0,218.0,1985-04-04,0000-00-00,9,IND
balesal01w,17.0,0.0,169.0,55.0,12.0,33.0,45.0,2.0,4.0,13.0,7.0,14.0,42.0,24.0,8.0,7.0,0.0,0.0,0.0,79.0,218.0,1985-04-04,0000-00-00,9,ATL
banchrh01w,,,,,,,,,,,,,,,,,,,,,,,,1,SAC
baranel01w,,,,,,,,,,,,,,,,,,,,,,,,2,MIA
baranel01w,32.0,30.0,984.0,378.0,40.0,151.0,191.0,63.0,33.0,57.0,62.0,81.0,330.0,141.0,71.0,66.0,80.0,30.0,2.0,77.0,182.0,1972-01-28,0000-00-00,4,NYL
baranel01w,33.0,7.0,850.0,278.0,45.0,136.0,181.0,64.0,36.0,43.0,62.0,69.0,257.0,107.0,35.0,31.0,91.0,33.0,0.0,77.0,182.0,1972-01-28,0000-00-00,5,NYL
baranel01w,34.0,33.0,1048.0,394.0,33.0,213.0,246.0,67.0,37.0,58.0,80.0,88.0,315.0,146.0,53.0,49.0,115.0,53.0,0.0,77.0,182.0,1972-01-28,0000-00-00,6,NYL
barksla01w,,,,,,,,,,,,,,,,,,,,,,,,2,POR
barksla01w,5.0,0.0,35.0,2.0,1.0,5.0,6.0,4.0,2.0,0.0,1.0,3.0,10.0,1.0,0.0,0.0,3.0,0.0,0.0,70.0,156.0,1979-10-03,0000-00-00,3,POR
barksla01w,17.0,3.0,285.0,100.0,18.0,22.0,40.0,12.0,8.0,7.0,23.0,31.0,101.0,36.0,26.0,23.0,22.0,5.0,0.0,70.0,156.0,1979-10-03,0000-00-00,4,SAS
barnead01w,,,,,,,,,,,,,,,,,,,,,,,,1,CLE
barnead01w,5.0,0.0,18.0,8.0,2.0,0.0,2.0,4.0,0.0,0.0,2.0,2.0,5.0,3.0,4.0,2.0,1.0,0.0,0.0,71.0,165.0,1977-02-03,0000-00-00,2,CLE
barnead01w,3.0,0.0,3.0,2.0,0.0,1.0,1.0,0.0,0.0,0.0,0.0,0.0,1.0,1.0,0.0,0.0,0.0,0.0,0.0,71.0,165.0,1977-02-03,0000-00-00,3,SEA
barnead01w,26.0,17.0,493.0,90.0,45.0,57.0,102.0,28.0,32.0,9.0,25.0,64.0,111.0,37.0,29.0,15.0,4.0,1.0,1.0,71.0,165.0,1977-02-03,0000-00-00,4,SEA
barnead01w,16.0,16.0,396.0,88.0,26.0,39.0,65.0,23.0,11.0,7.0,18.0,36.0,84.0,32.0,21.0,12.0,31.0,12.0,1.0,71.0,165.0,1977-02-03,0000-00-00,5,SEA
barnequ01w,,,,,,,,,,,,,,,,,,,,,,,,1,SEA
barnequ01w,31.0,23.0,705.0,209.0,27.0,57.0,84.0,33.0,19.0,33.0,62.0,103.0,213.0,89.0,56.0,30.0,9.0,1.0,2.0,77.0,185.0,1976-09-26,0000-00-00,2,SEA
barnequ01w,20.0,3.0,229.0,68.0,14.0,20.0,34.0,11.0,9.0,6.0,16.0,29.0,59.0,23.0,27.0,21.0,1.0,1.0,0.0,77.0,185.0,1976-09-26,0000-00-00,3,PHO
batkosu01w,,,,,,,,,,,,,,,,,,,,,,,,6,SEA
batkosu01w,29.0,0.0,461.0,199.0,26.0,68.0,94.0,26.0,17.0,24.0,32.0,85.0,174.0,76.0,58.0,45.0,7.0,2.0,1.0,76.0,203.0,1980-12-17,0000-00-00,10,SEA
batteja01w,,,,,,,,,,,,,,,,,,,,,,,,6,MIN
batteja01w,8.0,0.0,46.0,0.0,0.0,5.0,5.0,3.0,0.0,1.0,3.0,4.0,6.0,0.0,0.0,0.0,0.0,0.0,0.0,73.0,163.0,1983-03-26,0000-00-00,7,DET
battlas01w,,,,,,,,,,,,,,,,,,,,,,,,6,SEA
battlas01w,2.0,0.0,8.0,2.0,0.0,2.0,2.0,0.0,0.0,0.0,1.0,1.0,2.0,1.0,0.0,0.0,0.0,0.0,0.0,72.0,170.0,1982-05-31,0000-00-00,7,NYL
battlas01w,33.0,2.0,455.0,143.0,13.0,49.0,62.0,29.0,31.0,3.0,38.0,32.0,141.0,54.0,25.0,20.0,46.0,15.0,0.0,72.0,170.0,1982-05-31,0000-00-00,8,NYL
battlas01w,34.0,5.0,757.0,252.0,32.0,94.0,126.0,56.0,35.0,2.0,48.0,50.0,244.0,89.0,58.0,45.0,93.0,29.0,0.0,72.0,170.0,1982-05-31,0000-00-00,9,NYL
battlas01w,34.0,0.0,336.0,121.0,18.0,35.0,53.0,24.0,15.0,1.0,28.0,26.0,98.0,37.0,50.0,36.0,30.0,11.0,0.0,72.0,170.0,1982-05-31,0000-00-00,10,NYL
bauerca01w,,,,,,,,,,,,,,,,,,,,,,,,1,CHA
bauerca01w,29.0,18.0,398.0,76.0,20.0,36.0,56.0,14.0,8.0,3.0,28.0,72.0,72.0,29.0,21.0,18.0,1.0,0.0,1.0,76.0,180.0,1972-06-27,0000-00-00,2,WAS
bauerca01w,15.0,0.0,102.0,15.0,8.0,10.0,18.0,3.0,2.0,1.0,6.0,12.0,17.0,5.0,10.0,5.0,1.0,0.0,0.0,76.0,180.0,1972-06-27,0000-00-00,3,SAC
beardal01w,,,,,,,,,,,,,,,,,,,,,,,,5,WAS
beardal01w,34.0,34.0,1025.0,446.0,28.0,115.0,143.0,91.0,69.0,34.0,80.0,98.0,380.0,159.0,149.0,107.0,56.0,21.0,0.0,71.0,160.0,1982-05-14,0000-00-00,6,WAS
beardal01w,30.0,30.0,1015.0,422.0,25.0,105.0,130.0,90.0,45.0,9.0,63.0,87.0,408.0,155.0,105.0,80.0,101.0,32.0,0.0,71.0,160.0,1982-05-14,0000-00-00,7,WAS
beardal01w,32.0,32.0,994.0,614.0,23.0,126.0,149.0,98.0,59.0,25.0,90.0,92.0,469.0,232.0,149.0,113.0,102.0,37.0,4.0,71.0,160.0,1982-05-14,0000-00-00,8,WAS
beardal01w,33.0,33.0,1169.0,622.0,25.0,114.0,139.0,99.0,64.0,24.0,94.0,105.0,539.0,224.0,150.0,127.0,146.0,47.0,2.0,71.0,160.0,1982-05-14,0000-00-00,9,WAS
beardal01w,33.0,33.0,1092.0,532.0,4.0,114.0,118.0,117.0,55.0,19.0,106.0,111.0,474.0,187.0,146.0,107.0,144.0,51.0,2.0,71.0,160.0,1982-05-14,0000-00-00,10,WAS
beckki01w,,,,,,,,,,,,,,,,,,,,,,,,9,SEA
bennije01w,,,,,,,,,,,,,,,,,,,,,,,,6,IND
berezva01w,,,,,,,,,,,,,,,,,,,,,,,,9,SAS
berthlu01w,,,,,,,,,,,,,,,,,,,,,,,,3,CLE
berthlu01w,5.0,0.0,16.0,8.0,3.0,1.0,4.0,0.0,0.0,0.0,0.0,5.0,7.0,3.0,4.0,2.0,1.0,0.0,0.0,74.0,188.0,1978-03-31,0000-00-00,4,CLE
berthlu01w,22.0,4.0,201.0,84.0,20.0,22.0,42.0,6.0,10.0,4.0,22.0,38.0,52.0,27.0,46.0,30.0,1.0,0.0,0.0,74.0,188.0,1978-03-31,0000-00-00,5,HOU
beviltu01w,,,,,,,,,,,,,,,,,,,,,,,,1,POR
beviltu01w,32.0,32.0,796.0,153.0,19.0,76.0,95.0,89.0,41.0,6.0,66.0,93.0,112.0,40.0,72.0,56.0,60.0,17.0,1.0,67.0,145.0,1972-07-19,0000-00-00,2,POR
beviltu01w,31.0,31.0,788.0,153.0,27.0,61.0,88.0,103.0,59.0,6.0,52.0,102.0,119.0,39.0,71.0,52.0,73.0,23.0,0.0,67.0,145.0,1972-07-19,0000-00-00,3,POR
beviltu01w,27.0,19.0,421.0,84.0,7.0,26.0,33.0,44.0,22.0,3.0,27.0,49.0,61.0,25.0,29.0,19.0,36.0,15.0,0.0,67.0,145.0,1972-07-19,0000-00-00,4,SEA
beviltu01w,31.0,0.0,252.0,58.0,9.0,17.0,26.0,32.0,14.0,1.0,20.0,30.0,51.0,17.0,21.0,16.0,21.0,8.0,0.0,67.0,145.0,1972-07-19,0000-00-00,5,SEA
beviltu01w,34.0,0.0,358.0,79.0,6.0,20.0,26.0,29.0,38.0,2.0,26.0,48.0,60.0,24.0,29.0,20.0,26.0,11.0,0.0,67.0,145.0,1972-07-19,0000-00-00,6,IND
beviltu01w,31.0,31.0,873.0,194.0,12.0,51.0,63.0,80.0,60.0,0.0,51.0,69.0,162.0,63.0,44.0,24.0,116.0,44.0,0.0,67.0,145.0,1972-07-19,0000-00-00,7,IND
beviltu01w,34.0,34.0,999.0,223.0,10.0,67.0,77.0,79.0,71.0,1.0,54.0,72.0,185.0,76.0,53.0,38.0,106.0,33.0,0.0,67.0,145.0,1972-07-19,0000-00-00,8,IND
beviltu01w,34.0,34.0,901.0,180.0,15.0,60.0,75.0,92.0,56.0,2.0,53.0,88.0,150.0,66.0,22.0,15.0,89.0,33.0,0.0,67.0,145.0,1972-07-19,0000-00-00,9,IND
beviltu01w,30.0,30.0,876.0,175.0,12.0,56.0,68.0,65.0,59.0,4.0,35.0,73.0,158.0,64.0,28.0,17.0,89.0,30.0,0.0,67.0,145.0,1972-07-19,0000-00-00,10,IND
bibbyje01w,,,,,,,,,,,,,,,,,,,,,,,,1,NYL
bibrzag01w,,,,,,,,,,,,,,,,,,,,,,,,5,SAS
bibrzag01w,24.0,9.0,465.0,159.0,5.0,23.0,28.0,40.0,21.0,7.0,32.0,38.0,151.0,55.0,26.0,23.0,84.0,26.0,0.0,74.0,168.0,1982-10-21,0000-00-00,7,SAS
birdsu01w,,,,,,,,,,,,,,,,,,,,,,,,3,SEA
birdsu01w,32.0,32.0,1121.0,461.0,17.0,66.0,83.0,191.0,55.0,3.0,109.0,48.0,375.0,151.0,112.0,102.0,142.0,57.0,0.0,69.0,150.0,1980-10-16,0000-00-00,4,SEA
birdsu01w,34.0,34.0,1136.0,420.0,22.0,91.0,113.0,221.0,48.0,1.0,110.0,47.0,368.0,155.0,69.0,61.0,140.0,49.0,0.0,69.0,150.0,1980-10-16,0000-00-00,5,SEA
birdsu01w,34.0,34.0,1136.0,439.0,22.0,84.0,106.0,184.0,51.0,5.0,87.0,48.0,326.0,151.0,85.0,73.0,146.0,64.0,0.0,69.0,150.0,1980-10-16,0000-00-00,6,SEA
birdsu01w,30.0,30.0,1020.0,364.0,21.0,51.0,72.0,176.0,29.0,6.0,87.0,46.0,294.0,130.0,69.0,59.0,103.0,45.0,0.0,69.0,150.0,1980-10-16,0000-00-00,7,SEA
birdsu01w,34.0,34.0,1065.0,389.0,24.0,78.0,102.0,162.0,61.0,5.0,88.0,60.0,333.0,137.0,68.0,59.0,153.0,56.0,1.0,69.0,150.0,1980-10-16,0000-00-00,8,SEA
birdsu01w,29.0,29.0,919.0,303.0,8.0,49.0,57.0,143.0,43.0,8.0,67.0,46.0,276.0,118.0,26.0,22.0,133.0,45.0,0.0,69.0,150.0,1980-10-16,0000-00-00,9,SEA
birdsu01w,33.0,33.0,1111.0,465.0,14.0,70.0,84.0,169.0,39.0,3.0,88.0,61.0,390.0,172.0,85.0,74.0,137.0,47.0,0.0,69.0,150.0,1980-10-16,0000-00-00,10,SEA
bjorkte01w,,,,,,,,,,,,,,,,,,,,,,,,5,CHA
blackch01w,,,,,,,,,,,,,,,,,,,,,,,,10,CON
blackde01w,,,,,,,,,,,,,,,,,,,,,,,,1,MIA
blackde01w,32.0,32.0,820.0,152.0,23.0,69.0,92.0,98.0,58.0,1.0,50.0,86.0,150.0,57.0,42.0,29.0,42.0,9.0,0.0,63.0,124.0,1966-07-29,0000-00-00,2,MIA
blackde01w,32.0,32.0,946.0,180.0,43.0,83.0,126.0,123.0,82.0,2.0,51.0,69.0,187.0,70.0,48.0,37.0,20.0,3.0,0.0,63.0,124.0,1966-07-29,0000-00-00,3,MIA
blackde01w,32.0,32.0,899.0,153.0,41.0,82.0,123.0,137.0,59.0,5.0,32.0,75.0,160.0,64.0,33.0,25.0,3.0,0.0,1.0,63.0,124.0,1966-07-29,0000-00-00,4,CON
blackde01w,34.0,0.0,373.0,55.0,16.0,35.0,51.0,46.0,20.0,2.0,18.0,33.0,68.0,24.0,9.0,6.0,3.0,1.0,0.0,63.0,124.0,1966-07-29,0000-00-00,5,CON
blodgci01w,,,,,,,,,,,,,,,,,,,,,,,,1,SAC
blodgci01w,20.0,0.0,133.0,52.0,1.0,8.0,9.0,3.0,8.0,1.0,13.0,9.0,50.0,20.0,6.0,4.0,28.0,8.0,0.0,69.0,130.0,1975-12-23,0000-00-00,2,SAC
blueni01w,,,,,,,,,,,,,,,,,,,,,,,,7,WAS
blueni01w,24.0,0.0,181.0,54.0,7.0,13.0,20.0,36.0,18.0,0.0,18.0,36.0,54.0,14.0,31.0,25.0,12.0,1.0,0.0,68.0,163.0,1984-03-29,0000-00-00,8,WAS
blueni01w,30.0,1.0,420.0,107.0,13.0,50.0,63.0,48.0,22.0,5.0,37.0,55.0,108.0,35.0,37.0,31.0,27.0,6.0,0.0,68.0,163.0,1984-03-29,0000-00-00,9,WAS
blueni01w,26.0,22.0,537.0,99.0,15.0,26.0,41.0,73.0,19.0,2.0,42.0,59.0,102.0,33.0,25.0,19.0,32.0,14.0,0.0,68.0,163.0,1984-03-29,0000-00-00,10,WAS
blueoc01w,,,,,,,,,,,,,,,,,,,,,,,,4,HOU
blueoc01w,16.0,0.0,37.0,4.0,1.0,1.0,2.0,2.0,0.0,0.0,2.0,3.0,4.0,1.0,4.0,2.0,0.0,0.0,0.0,73.0,163.0,1976-08-18,0000-00-00,5,HOU
bobbish01w,,,,,,,,,,,,,,,,,,,,,,,,9,LAS
bobbish01w,26.0,17.0,552.0,106.0,16.0,48.0,64.0,90.0,25.0,1.0,63.0,40.0,127.0,35.0,22.0,16.0,71.0,20.0,0.0,62.0,130.0,1985-12-06,0000-00-00,10,LAS
boddiwh01w,,,,,,,,,,,,,,,,,,,,,,,,10,SAC
boltoru01w,,,,,,,,,,,,,,,,,,,,,,,,1,SAC
boltoru01w,29.0,29.0,868.0,380.0,42.0,64.0,106.0,57.0,34.0,1.0,45.0,60.0,368.0,133.0,84.0,64.0,160.0,50.0,0.0,69.0,150.0,1967-05-25,0000-00-00,2,SAC
boltoru01w,31.0,0.0,582.0,222.0,34.0,59.0,93.0,55.0,28.0,1.0,39.0,55.0,216.0,73.0,52.0,36.0,110.0,40.0,0.0,69.0,150.0,1967-05-25,0000-00-00,3,SAC
boltoru01w,32.0,1.0,737.0,349.0,31.0,63.0,94.0,37.0,45.0,2.0,35.0,74.0,316.0,125.0,77.0,56.0,132.0,43.0,0.0,69.0,150.0,1967-05-25,0000-00-00,4,SAC
boltoru01w,33.0,0.0,521.0,149.0,15.0,42.0,57.0,35.0,33.0,2.0,21.0,52.0,175.0,55.0,26.0,20.0,98.0,19.0,0.0,69.0,150.0,1967-05-25,0000-00-00,5,SAC
bondla01w,,,,,,,,,,,,,,,,,,,,,,,,7,CHA
bondla01w,34.0,5.0,614.0,193.0,7.0,42.0,49.0,73.0,35.0,8.0,80.0,83.0,158.0,63.0,77.0,57.0,46.0,10.0,1.0,67.0,132.0,1984-02-13,0000-00-00,9,IND
bonfisu01w,,,,,,,,,,,,,,,,,,,,,,,,3,PHO
bonnede01w,,,,,,,,,,,,,,,,,,,,,,,,10,PHO
bowenli01w,,,,,,,,,,,,,,,,,,,,,,,,8,NYL
boydca01w,,,,,,,,,,,,,,,,,,,,,,,,2,DET
braxtka01w,,,,,,,,,,,,,,,,,,,,,,,,6,DET
braxtka01w,33.0,2.0,455.0,227.0,42.0,58.0,100.0,14.0,18.0,13.0,52.0,78.0,210.0,97.0,60.0,33.0,1.0,0.0,0.0,78.0,210.0,1983-02-18,0000-00-00,7,DET
braxtka01w,34.0,1.0,359.0,146.0,42.0,75.0,117.0,26.0,11.0,11.0,53.0,83.0,143.0,58.0,48.0,30.0,2.0,0.0,1.0,78.0,210.0,1983-02-18,0000-00-00,8,DET
braxtka01w,31.0,20.0,545.0,207.0,54.0,112.0,166.0,16.0,14.0,16.0,62.0,91.0,188.0,84.0,58.0,39.0,0.0,0.0,2.0,78.0,210.0,1983-02-18,0000-00-00,9,DET
braxtka01w,33.0,10.0,590.0,295.0,48.0,120.0,168.0,27.0,14.0,24.0,54.0,84.0,258.0,107.0,109.0,81.0,2.0,0.0,1.0,78.0,210.0,1983-02-18,0000-00-00,10,DET
brazian01w,,,,,,,,,,,,,,,,,,,,,,,,1,CHA
brazian01w,22.0,3.0,203.0,51.0,16.0,18.0,34.0,5.0,5.0,0.0,17.0,24.0,49.0,19.0,19.0,13.0,0.0,0.0,0.0,74.0,169.0,1976-09-18,0000-00-00,2,IND
bristre01w,,,,,,,,,,,,,,,,,,,,,,,,2,CHA
brogami01w,,,,,,,,,,,,,,,,,,,,,,,,1,PHO
brondsa01w,,,,,,,,,,,,,,,,,,,,,,,,2,MIA
brondsa01w,29.0,29.0,850.0,367.0,10.0,40.0,50.0,63.0,28.0,4.0,36.0,61.0,344.0,142.0,70.0,57.0,66.0,26.0,0.0,67.0,136.0,1968-08-20,0000-00-00,3,MIA
brondsa01w,30.0,23.0,763.0,263.0,7.0,34.0,41.0,46.0,26.0,4.0,40.0,40.0,266.0,97.0,67.0,55.0,44.0,14.0,0.0,67.0,136.0,1968-08-20,0000-00-00,4,SEA
brownco01w,,,,,,,,,,,,,,,,,,,,,,,,4,IND
brownco01w,30.0,2.0,522.0,186.0,11.0,30.0,41.0,31.0,21.0,4.0,36.0,30.0,164.0,61.0,33.0,28.0,100.0,36.0,0.0,69.0,150.0,1980-10-21,0000-00-00,5,IND
brownco01w,26.0,0.0,398.0,104.0,10.0,24.0,34.0,41.0,7.0,1.0,31.0,31.0,108.0,37.0,16.0,10.0,56.0,20.0,0.0,69.0,150.0,1980-10-21,0000-00-00,6,IND
brownco01w,6.0,0.0,23.0,6.0,0.0,2.0,2.0,3.0,1.0,0.0,3.0,1.0,5.0,2.0,0.0,0.0,5.0,2.0,0.0,69.0,150.0,1980-10-21,0000-00-00,7,CHI
browned01w,,,,,,,,,,,,,,,,,,,,,,,,1,DET
browned01w,32.0,7.0,619.0,188.0,36.0,52.0,88.0,72.0,24.0,5.0,68.0,77.0,168.0,60.0,80.0,67.0,4.0,1.0,0.0,69.0,163.0,1978-07-01,0000-00-00,2,DET
browned01w,32.0,14.0,800.0,237.0,31.0,70.0,101.0,87.0,33.0,7.0,68.0,83.0,232.0,85.0,60.0,47.0,53.0,20.0,1.0,69.0,163.0,1978-07-01,0000-00-00,3,DET
browned01w,28.0,7.0,549.0,115.0,29.0,53.0,82.0,58.0,25.0,7.0,60.0,73.0,131.0,43.0,32.0,23.0,12.0,6.0,0.0,69.0,163.0,1978-07-01,0000-00-00,4,PHO
browned01w,34.0,6.0,524.0,118.0,29.0,42.0,71.0,62.0,30.0,7.0,47.0,44.0,152.0,41.0,44.0,36.0,3.0,0.0,0.0,69.0,163.0,1978-07-01,0000-00-00,7,HOU
brownki01w,,,,,,,,,,,,,,,,,,,,,,,,3,WAS
brownki01w,18.0,0.0,108.0,28.0,4.0,8.0,12.0,6.0,5.0,0.0,5.0,10.0,35.0,12.0,3.0,3.0,11.0,1.0,0.0,70.0,134.0,1979-01-13,0000-00-00,4,WAS
brownki01w,27.0,0.0,269.0,60.0,6.0,26.0,32.0,28.0,13.0,1.0,22.0,23.0,72.0,24.0,3.0,2.0,33.0,10.0,0.0,70.0,134.0,1979-01-13,0000-00-00,5,WAS
brownki01w,26.0,0.0,371.0,104.0,9.0,41.0,50.0,42.0,13.0,2.0,33.0,21.0,88.0,35.0,24.0,21.0,28.0,13.0,0.0,70.0,134.0,1979-01-13,0000-00-00,6,WAS
brownki01w,26.0,0.0,371.0,104.0,9.0,41.0,50.0,42.0,13.0,2.0,33.0,21.0,88.0,35.0,24.0,21.0,28.0,13.0,0.0,70.0,134.0,1979-01-13,0000-00-00,6,HOU
brownki01w,6.0,0.0,32.0,2.0,0.0,1.0,1.0,2.0,3.0,0.0,4.0,1.0,2.0,1.0,0.0,0.0,1.0,0.0,0.0,70.0,134.0,1979-01-13,0000-00-00,7,NYL
brownki01w,16.0,0.0,58.0,20.0,2.0,6.0,8.0,9.0,2.0,0.0,3.0,7.0,20.0,6.0,8.0,7.0,4.0,1.0,0.0,70.0,134.0,1979-01-13,0000-00-00,8,MIN
brownki01w,16.0,0.0,58.0,20.0,2.0,6.0,8.0,9.0,2.0,0.0,3.0,7.0,20.0,6.0,8.0,7.0,4.0,1.0,0.0,70.0,134.0,1979-01-13,0000-00-00,8,LAS
brownki01w,30.0,0.0,356.0,142.0,10.0,34.0,44.0,50.0,13.0,4.0,27.0,26.0,108.0,41.0,48.0,41.0,43.0,19.0,0.0,70.0,134.0,1979-01-13,0000-00-00,9,LAS
brownki01w,32.0,17.0,530.0,158.0,8.0,51.0,59.0,66.0,19.0,0.0,39.0,41.0,146.0,52.0,34.0,31.0,67.0,23.0,0.0,70.0,134.0,1979-01-13,0000-00-00,10,CON
brownru01w,,,,,,,,,,,,,,,,,,,,,,,,1,CLE
brownru01w,30.0,22.0,679.0,253.0,54.0,70.0,124.0,44.0,38.0,13.0,59.0,81.0,187.0,93.0,78.0,66.0,2.0,1.0,0.0,74.0,175.0,1972-05-05,0000-00-00,2,CLE
brownru01w,30.0,24.0,760.0,249.0,49.0,83.0,132.0,37.0,44.0,10.0,37.0,73.0,195.0,101.0,63.0,46.0,1.0,1.0,1.0,74.0,175.0,1972-05-05,0000-00-00,3,CLE
brownru01w,28.0,2.0,468.0,112.0,29.0,46.0,75.0,27.0,21.0,8.0,39.0,54.0,105.0,42.0,38.0,28.0,1.0,0.0,0.0,74.0,175.0,1972-05-05,0000-00-00,4,CHA
brumfma01w,,,,,,,,,,,,,,,,,,,,,,,,1,MIN
brumfma01w,32.0,17.0,613.0,124.0,22.0,38.0,60.0,42.0,22.0,2.0,40.0,70.0,101.0,47.0,42.0,29.0,9.0,1.0,1.0,68.0,133.0,1978-06-06,0000-00-00,2,MIA
brumfma01w,27.0,0.0,247.0,44.0,8.0,17.0,25.0,32.0,20.0,0.0,24.0,27.0,60.0,17.0,5.0,5.0,15.0,5.0,0.0,68.0,133.0,1978-06-06,0000-00-00,4,CHA
brungje01w,,,,,,,,,,,,,,,,,,,,,,,,5,CON
brungje01w,33.0,0.0,314.0,50.0,10.0,27.0,37.0,27.0,4.0,4.0,12.0,21.0,59.0,18.0,5.0,4.0,38.0,10.0,0.0,73.0,165.0,1982-04-16,0000-00-00,6,CON
brungje01w,12.0,0.0,47.0,2.0,1.0,5.0,6.0,2.0,0.0,0.0,2.0,4.0,9.0,1.0,0.0,0.0,4.0,0.0,0.0,73.0,165.0,1982-04-16,0000-00-00,7,CON
brunsre01w,,,,,,,,,,,,,,,,,,,,,,,,5,SAC
brunsre01w,34.0,1.0,494.0,151.0,42.0,80.0,122.0,19.0,23.0,13.0,29.0,48.0,140.0,59.0,46.0,33.0,0.0,0.0,0.0,75.0,175.0,1981-12-11,0000-00-00,6,SAC
brunsre01w,34.0,16.0,722.0,265.0,75.0,112.0,187.0,16.0,28.0,15.0,42.0,61.0,246.0,105.0,92.0,55.0,0.0,0.0,0.0,75.0,175.0,1981-12-11,0000-00-00,7,SAC
brunsre01w,34.0,14.0,597.0,232.0,77.0,114.0,191.0,17.0,21.0,15.0,40.0,65.0,204.0,94.0,75.0,44.0,0.0,0.0,0.0,75.0,175.0,1981-12-11,0000-00-00,8,SAC
brunsre01w,33.0,29.0,932.0,378.0,130.0,165.0,295.0,24.0,44.0,31.0,58.0,78.0,298.0,141.0,140.0,96.0,4.0,0.0,0.0,75.0,175.0,1981-12-11,0000-00-00,9,SAC
brunsre01w,30.0,30.0,779.0,327.0,87.0,126.0,213.0,13.0,36.0,20.0,51.0,82.0,270.0,135.0,85.0,57.0,0.0,0.0,0.0,75.0,175.0,1981-12-11,0000-00-00,10,SAC
bullevi01w,,,,,,,,,,,,,,,,,,,,,,,,1,WAS
bullevi01w,32.0,32.0,1094.0,342.0,61.0,122.0,183.0,42.0,64.0,47.0,58.0,88.0,294.0,143.0,63.0,45.0,34.0,11.0,0.0,75.0,185.0,1967-10-04,0000-00-00,2,WAS
bullevi01w,32.0,32.0,1073.0,278.0,65.0,166.0,231.0,41.0,53.0,58.0,53.0,86.0,286.0,112.0,48.0,35.0,64.0,19.0,0.0,75.0,185.0,1967-10-04,0000-00-00,3,WAS
burgean01w,,,,,,,,,,,,,,,,,,,,,,,,2,WAS
burgean01w,31.0,27.0,731.0,124.0,27.0,49.0,76.0,88.0,26.0,2.0,60.0,45.0,141.0,47.0,27.0,16.0,47.0,14.0,0.0,67.0,141.0,1969-04-10,0000-00-00,3,WAS
burgean01w,26.0,26.0,632.0,125.0,16.0,46.0,62.0,93.0,34.0,4.0,41.0,39.0,101.0,39.0,45.0,35.0,33.0,12.0,0.0,67.0,141.0,1969-04-10,0000-00-00,4,WAS
burgeli01w,,,,,,,,,,,,,,,,,,,,,,,,1,SAC
burraal01w,,,,,,,,,,,,,,,,,,,,,,,,1,POR
burraal01w,21.0,4.0,314.0,159.0,20.0,54.0,74.0,6.0,3.0,7.0,36.0,36.0,109.0,64.0,41.0,31.0,0.0,0.0,0.0,75.0,218.0,1975-06-23,0000-00-00,2,POR
burraal01w,26.0,1.0,272.0,106.0,22.0,37.0,59.0,10.0,5.0,3.0,30.0,30.0,83.0,44.0,31.0,18.0,0.0,0.0,0.0,75.0,218.0,1975-06-23,0000-00-00,3,POR
burraal01w,32.0,24.0,633.0,278.0,52.0,95.0,147.0,7.0,10.0,7.0,49.0,58.0,186.0,117.0,52.0,44.0,0.0,0.0,0.0,75.0,218.0,1975-06-23,0000-00-00,4,SEA
burseja01w,,,,,,,,,,,,,,,,,,,,,,,,2,MIN
burseja01w,20.0,0.0,169.0,47.0,23.0,19.0,42.0,5.0,2.0,15.0,20.0,20.0,48.0,16.0,20.0,15.0,1.0,0.0,0.0,77.0,199.0,1979-05-19,0000-00-00,3,MIN
burseja01w,31.0,2.0,344.0,83.0,29.0,31.0,60.0,7.0,7.0,13.0,18.0,60.0,83.0,31.0,36.0,21.0,1.0,0.0,0.0,77.0,199.0,1979-05-19,0000-00-00,4,MIN
burseja01w,29.0,14.0,438.0,206.0,40.0,68.0,108.0,19.0,13.0,28.0,42.0,81.0,155.0,76.0,70.0,54.0,2.0,0.0,2.0,77.0,199.0,1979-05-19,0000-00-00,5,SEA
burseja01w,29.0,0.0,514.0,141.0,51.0,45.0,96.0,19.0,23.0,36.0,41.0,84.0,119.0,51.0,67.0,39.0,0.0,0.0,2.0,77.0,199.0,1979-05-19,0000-00-00,6,SEA
burseja01w,34.0,34.0,859.0,340.0,81.0,118.0,199.0,23.0,19.0,40.0,78.0,139.0,243.0,127.0,123.0,86.0,0.0,0.0,6.0,77.0,199.0,1979-05-19,0000-00-00,7,SEA
burseja01w,27.0,27.0,737.0,300.0,63.0,115.0,178.0,22.0,17.0,25.0,55.0,91.0,221.0,113.0,109.0,73.0,1.0,1.0,1.0,77.0,199.0,1979-05-19,0000-00-00,8,SEA
burseja01w,29.0,29.0,709.0,256.0,67.0,87.0,154.0,22.0,13.0,28.0,58.0,86.0,209.0,93.0,101.0,70.0,1.0,0.0,0.0,77.0,199.0,1979-05-19,0000-00-00,10,SEA
buttsta01w,,,,,,,,,,,,,,,,,,,,,,,,5,MIN
byearla01w,,,,,,,,,,,,,,,,,,,,,,,,1,SAC
byearla01w,32.0,0.0,521.0,181.0,42.0,80.0,122.0,21.0,30.0,5.0,35.0,72.0,143.0,75.0,49.0,30.0,2.0,1.0,1.0,71.0,206.0,1973-08-12,0000-00-00,2,LAS
byearla01w,32.0,13.0,739.0,297.0,80.0,103.0,183.0,29.0,42.0,13.0,38.0,112.0,221.0,133.0,52.0,30.0,3.0,1.0,4.0,71.0,206.0,1973-08-12,0000-00-00,3,LAS
byearla01w,26.0,5.0,486.0,182.0,65.0,76.0,141.0,13.0,19.0,4.0,20.0,89.0,123.0,76.0,53.0,30.0,0.0,0.0,4.0,71.0,206.0,1973-08-12,0000-00-00,4,LAS
byearla01w,5.0,0.0,72.0,28.0,12.0,9.0,21.0,2.0,0.0,2.0,2.0,12.0,25.0,10.0,11.0,8.0,1.0,0.0,0.0,71.0,206.0,1973-08-12,0000-00-00,7,WAS
byearla01w,26.0,0.0,330.0,112.0,37.0,50.0,87.0,10.0,12.0,2.0,35.0,58.0,107.0,48.0,20.0,16.0,0.0,0.0,2.0,71.0,206.0,1973-08-12,0000-00-00,8,HOU
byearla01w,30.0,0.0,327.0,151.0,37.0,38.0,75.0,16.0,23.0,5.0,37.0,60.0,110.0,65.0,36.0,21.0,0.0,0.0,0.0,71.0,206.0,1973-08-12,0000-00-00,9,HOU
campbed01w,,,,,,,,,,,,,,,,,,,,,,,,1,SEA
campbed01w,16.0,16.0,510.0,222.0,8.0,26.0,34.0,37.0,19.0,4.0,40.0,35.0,215.0,84.0,58.0,41.0,49.0,13.0,0.0,68.0,152.0,1968-11-26,0000-00-00,2,SAC
campbed01w,32.0,32.0,854.0,260.0,11.0,74.0,85.0,74.0,19.0,9.0,64.0,45.0,244.0,92.0,43.0,33.0,94.0,43.0,0.0,68.0,152.0,1968-11-26,0000-00-00,3,SAC
campbed01w,1.0,0.0,12.0,4.0,0.0,1.0,1.0,0.0,1.0,0.0,0.0,0.0,5.0,2.0,0.0,0.0,2.0,0.0,0.0,68.0,152.0,1968-11-26,0000-00-00,4,SAC
campbed01w,34.0,34.0,724.0,267.0,17.0,53.0,70.0,43.0,21.0,5.0,43.0,42.0,244.0,98.0,33.0,25.0,111.0,46.0,0.0,68.0,152.0,1968-11-26,0000-00-00,5,SAC
campbed01w,22.0,22.0,332.0,74.0,3.0,16.0,19.0,16.0,5.0,2.0,15.0,24.0,76.0,29.0,2.0,0.0,39.0,16.0,0.0,68.0,152.0,1968-11-26,0000-00-00,6,SAS
campbmi01w,,,,,,,,,,,,,,,,,,,,,,,,1,WAS
cantydo01w,,,,,,,,,,,,,,,,,,,,,,,,1,DET
cantydo01w,28.0,27.0,784.0,257.0,31.0,39.0,70.0,82.0,49.0,5.0,51.0,64.0,203.0,83.0,131.0,91.0,5.0,0.0,0.0,69.0,162.0,1977-03-02,0000-00-00,2,DET
cantydo01w,32.0,18.0,625.0,197.0,45.0,38.0,83.0,70.0,31.0,1.0,55.0,69.0,193.0,70.0,74.0,56.0,5.0,1.0,0.0,69.0,162.0,1977-03-02,0000-00-00,3,DET
cantydo01w,28.0,12.0,625.0,160.0,24.0,45.0,69.0,83.0,21.0,4.0,56.0,59.0,154.0,52.0,76.0,55.0,5.0,1.0,0.0,69.0,162.0,1977-03-02,0000-00-00,4,HOU
cantydo01w,32.0,4.0,648.0,172.0,36.0,64.0,100.0,56.0,22.0,1.0,49.0,62.0,145.0,55.0,93.0,62.0,1.0,0.0,0.0,69.0,162.0,1977-03-02,0000-00-00,5,HOU
cantydo01w,32.0,12.0,770.0,177.0,40.0,44.0,84.0,64.0,32.0,1.0,45.0,61.0,150.0,63.0,72.0,51.0,2.0,0.0,0.0,69.0,162.0,1977-03-02,0000-00-00,6,HOU
cantydo01w,33.0,32.0,997.0,270.0,25.0,83.0,108.0,101.0,29.0,2.0,67.0,75.0,238.0,95.0,110.0,80.0,4.0,0.0,0.0,69.0,162.0,1977-03-02,0000-00-00,7,HOU
cantydo01w,15.0,15.0,431.0,164.0,12.0,40.0,52.0,44.0,17.0,0.0,35.0,36.0,105.0,54.0,77.0,56.0,3.0,0.0,0.0,69.0,162.0,1977-03-02,0000-00-00,8,CHI
cantydo01w,30.0,27.0,776.0,259.0,19.0,45.0,64.0,123.0,30.0,4.0,57.0,42.0,241.0,87.0,115.0,81.0,16.0,4.0,0.0,69.0,162.0,1977-03-02,0000-00-00,9,CHI
cantydo01w,28.0,28.0,737.0,226.0,24.0,47.0,71.0,115.0,28.0,3.0,54.0,74.0,180.0,71.0,124.0,83.0,6.0,1.0,0.0,69.0,162.0,1977-03-02,0000-00-00,10,CHI
careyja01w,,,,,,,,,,,,,,,,,,,,,,,,6,CON
careyja01w,15.0,0.0,86.0,18.0,2.0,4.0,6.0,7.0,2.0,0.0,4.0,9.0,19.0,7.0,0.0,0.0,13.0,4.0,0.0,66.0,135.0,1981-03-12,0000-00-00,7,CON
careyja01w,24.0,0.0,286.0,63.0,1.0,15.0,16.0,32.0,7.0,0.0,17.0,24.0,58.0,22.0,5.0,5.0,40.0,14.0,0.0,66.0,135.0,1981-03-12,0000-00-00,8,CON
careyja01w,33.0,0.0,419.0,112.0,1.0,29.0,30.0,30.0,4.0,0.0,16.0,30.0,101.0,37.0,8.0,6.0,71.0,32.0,0.0,66.0,135.0,1981-03-12,0000-00-00,9,CON
carsoes01w,,,,,,,,,,,,,,,,,,,,,,,,9,NYL
carsoes01w,34.0,30.0,646.0,223.0,25.0,51.0,76.0,31.0,32.0,8.0,35.0,49.0,245.0,92.0,46.0,31.0,29.0,8.0,0.0,72.0,165.0,1986-07-28,0000-00-00,10,NYL
carteam01w,,,,,,,,,,,,,,,,,,,,,,,,5,DET
carteam01w,2.0,0.0,13.0,1.0,0.0,4.0,4.0,0.0,2.0,0.0,3.0,5.0,0.0,0.0,2.0,1.0,0.0,0.0,0.0,74.0,185.0,1982-06-21,0000-00-00,6,NYL
cashsw01w,,,,,,,,,,,,,,,,,,,,,,,,3,DET
cashsw01w,32.0,32.0,1079.0,474.0,77.0,145.0,222.0,86.0,37.0,31.0,100.0,85.0,353.0,144.0,227.0,173.0,63.0,13.0,0.0,73.0,162.0,1979-09-22,0000-00-00,4,DET
cashsw01w,33.0,33.0,1097.0,548.0,65.0,128.0,193.0,119.0,43.0,23.0,108.0,76.0,430.0,195.0,214.0,146.0,40.0,12.0,0.0,73.0,162.0,1979-09-22,0000-00-00,5,DET
cashsw01w,32.0,32.0,1105.0,526.0,78.0,130.0,208.0,135.0,44.0,29.0,81.0,84.0,384.0,180.0,219.0,158.0,23.0,8.0,0.0,73.0,162.0,1979-09-22,0000-00-00,6,DET
cashsw01w,21.0,21.0,458.0,119.0,42.0,46.0,88.0,43.0,12.0,6.0,47.0,44.0,126.0,48.0,32.0,21.0,10.0,2.0,1.0,73.0,162.0,1979-09-22,0000-00-00,7,DET
cashsw01w,34.0,34.0,990.0,358.0,63.0,105.0,168.0,106.0,20.0,11.0,88.0,85.0,323.0,124.0,143.0,109.0,13.0,1.0,0.0,73.0,162.0,1979-09-22,0000-00-00,8,DET
cashsw01w,31.0,31.0,959.0,344.0,54.0,135.0,189.0,79.0,19.0,13.0,81.0,70.0,307.0,126.0,121.0,92.0,3.0,0.0,0.0,73.0,162.0,1979-09-22,0000-00-00,9,SEA
cashsw01w,31.0,28.0,927.0,351.0,46.0,121.0,167.0,58.0,21.0,32.0,69.0,72.0,293.0,114.0,158.0,122.0,8.0,1.0,0.0,73.0,162.0,1979-09-22,0000-00-00,10,SEA
cassija01w,,,,,,,,,,,,,,,,,,,,,,,,1,MIA
castriz01w,,,,,,,,,,,,,,,,,,,,,,,,3,MIA
castriz01w,19.0,1.0,182.0,66.0,7.0,10.0,17.0,7.0,7.0,0.0,18.0,22.0,72.0,24.0,25.0,17.0,17.0,1.0,0.0,72.0,140.0,1982-03-13,0000-00-00,4,PHO
castriz01w,16.0,0.0,178.0,69.0,6.0,6.0,12.0,9.0,6.0,1.0,10.0,11.0,71.0,25.0,18.0,11.0,27.0,8.0,0.0,72.0,140.0,1982-03-13,0000-00-00,6,SEA
castriz01w,33.0,32.0,879.0,269.0,23.0,74.0,97.0,49.0,18.0,4.0,59.0,73.0,242.0,93.0,73.0,59.0,72.0,24.0,0.0,72.0,140.0,1982-03-13,0000-00-00,7,SEA
castriz01w,34.0,26.0,655.0,246.0,16.0,56.0,72.0,47.0,23.0,2.0,49.0,58.0,194.0,91.0,59.0,39.0,65.0,25.0,0.0,72.0,140.0,1982-03-13,0000-00-00,8,SEA
castriz01w,34.0,34.0,963.0,419.0,19.0,77.0,96.0,95.0,35.0,4.0,64.0,70.0,331.0,139.0,101.0,81.0,156.0,60.0,0.0,72.0,140.0,1982-03-13,0000-00-00,9,ATL
castriz01w,29.0,20.0,671.0,269.0,10.0,55.0,65.0,52.0,27.0,6.0,57.0,39.0,272.0,96.0,59.0,48.0,94.0,29.0,0.0,72.0,140.0,1982-03-13,0000-00-00,10,ATL
catchta01w,,,,,,,,,,,,,,,,,,,,,,,,3,IND
catchta01w,32.0,32.0,1167.0,594.0,92.0,184.0,276.0,118.0,94.0,43.0,82.0,105.0,439.0,184.0,184.0,150.0,193.0,76.0,2.0,73.0,167.0,1979-07-21,0000-00-00,4,IND
catchta01w,34.0,34.0,1210.0,671.0,82.0,190.0,272.0,114.0,72.0,35.0,102.0,122.0,512.0,221.0,183.0,155.0,191.0,74.0,2.0,73.0,167.0,1979-07-21,0000-00-00,5,IND
catchta01w,34.0,33.0,1149.0,568.0,79.0,170.0,249.0,115.0,67.0,38.0,77.0,90.0,468.0,180.0,178.0,152.0,167.0,56.0,2.0,73.0,167.0,1979-07-21,0000-00-00,6,IND
catchta01w,34.0,34.0,1174.0,501.0,69.0,195.0,264.0,143.0,90.0,16.0,91.0,96.0,410.0,157.0,193.0,152.0,123.0,35.0,1.0,73.0,167.0,1979-07-21,0000-00-00,7,IND
catchta01w,32.0,32.0,1071.0,521.0,68.0,172.0,240.0,119.0,94.0,35.0,79.0,90.0,398.0,162.0,204.0,165.0,107.0,32.0,0.0,73.0,167.0,1979-07-21,0000-00-00,8,IND
catchta01w,21.0,21.0,678.0,348.0,54.0,135.0,189.0,98.0,66.0,22.0,62.0,64.0,259.0,108.0,133.0,109.0,74.0,23.0,0.0,73.0,167.0,1979-07-21,0000-00-00,9,IND
catchta01w,25.0,17.0,694.0,332.0,48.0,109.0,157.0,83.0,49.0,11.0,61.0,74.0,258.0,101.0,115.0,92.0,88.0,38.0,1.0,73.0,167.0,1979-07-21,0000-00-00,10,IND
caufila01w,,,,,,,,,,,,,,,,,,,,,,,,3,UTA
chambco01w,,,,,,,,,,,,,,,,,,,,,,,,8,CON
chanequ01w,,,,,,,,,,,,,,,,,,,,,,,,9,CHI
chapmji01w,,,,,,,,,,,,,,,,,,,,,,,,3,DET
choneka01w,,,,,,,,,,,,,,,,,,,,,,,,5,WAS
choneka01w,13.0,1.0,115.0,28.0,8.0,9.0,17.0,4.0,1.0,4.0,11.0,13.0,27.0,11.0,11.0,6.0,0.0,0.0,0.0,75.0,180.0,1981-01-11,0000-00-00,6,WAS
choneka01w,12.0,0.0,61.0,14.0,2.0,4.0,6.0,1.0,1.0,0.0,4.0,9.0,14.0,6.0,3.0,2.0,0.0,0.0,0.0,75.0,180.0,1981-01-11,0000-00-00,7,SEA
chriska01w,,,,,,,,,,,,,,,,,,,,,,,,3,PHO
chriska01w,30.0,2.0,413.0,120.0,39.0,41.0,80.0,15.0,24.0,13.0,32.0,73.0,95.0,48.0,35.0,24.0,1.0,0.0,1.0,74.0,171.0,1980-11-16,0000-00-00,4,PHO
chriska01w,30.0,16.0,659.0,206.0,61.0,65.0,126.0,16.0,25.0,16.0,39.0,104.0,161.0,78.0,83.0,50.0,0.0,0.0,4.0,74.0,171.0,1980-11-16,0000-00-00,5,PHO
chriska01w,32.0,1.0,407.0,50.0,27.0,42.0,69.0,23.0,21.0,7.0,26.0,89.0,49.0,19.0,19.0,12.0,0.0,0.0,2.0,74.0,171.0,1980-11-16,0000-00-00,6,PHO
chriska01w,11.0,1.0,108.0,18.0,9.0,13.0,22.0,7.0,7.0,5.0,10.0,25.0,15.0,7.0,7.0,4.0,0.0,0.0,1.0,74.0,171.0,1980-11-16,0000-00-00,7,HOU
chriska01w,11.0,1.0,108.0,18.0,9.0,13.0,22.0,7.0,7.0,5.0,10.0,25.0,15.0,7.0,7.0,4.0,0.0,0.0,1.0,74.0,171.0,1980-11-16,0000-00-00,7,PHO
chriska01w,17.0,0.0,141.0,21.0,11.0,22.0,33.0,6.0,3.0,1.0,16.0,35.0,22.0,9.0,4.0,3.0,0.0,0.0,1.0,74.0,171.0,1980-11-16,0000-00-00,8,CHI
chrissh01w,,,,,,,,,,,,,,,,,,,,,,,,5,NYL
chrissh01w,33.0,4.0,560.0,191.0,19.0,49.0,68.0,23.0,9.0,9.0,32.0,71.0,189.0,67.0,51.0,33.0,82.0,24.0,0.0,73.0,170.0,1982-02-15,0000-00-00,6,NYL
chrissh01w,34.0,9.0,809.0,311.0,25.0,67.0,92.0,41.0,33.0,19.0,50.0,100.0,270.0,111.0,76.0,65.0,89.0,24.0,1.0,73.0,170.0,1982-02-15,0000-00-00,7,NYL
chrissh01w,34.0,34.0,987.0,423.0,28.0,92.0,120.0,44.0,20.0,42.0,82.0,105.0,348.0,136.0,120.0,99.0,156.0,52.0,1.0,73.0,170.0,1982-02-15,0000-00-00,8,NYL
chrissh01w,33.0,32.0,1065.0,368.0,34.0,115.0,149.0,70.0,34.0,19.0,82.0,99.0,328.0,118.0,117.0,93.0,119.0,39.0,0.0,73.0,170.0,1982-02-15,0000-00-00,9,NYL
chrissh01w,31.0,31.0,947.0,488.0,31.0,63.0,94.0,51.0,35.0,17.0,61.0,93.0,385.0,153.0,134.0,111.0,175.0,71.0,1.0,73.0,170.0,1982-02-15,0000-00-00,10,NYL
cironkr01w,,,,,,,,,,,,,,,,,,,,,,,,10,CON
clearmi01w,,,,,,,,,,,,,,,,,,,,,,,,1,PHO
clearmi01w,24.0,7.0,509.0,57.0,12.0,25.0,37.0,77.0,34.0,2.0,14.0,36.0,45.0,14.0,27.0,19.0,30.0,10.0,0.0,66.0,126.0,1974-07-16,0000-00-00,2,PHO
clinest01w,,,,,,,,,,,,,,,,,,,,,,,,1,SAC
clinest01w,26.0,2.0,285.0,66.0,7.0,23.0,30.0,49.0,12.0,1.0,25.0,19.0,57.0,20.0,17.0,14.0,41.0,12.0,0.0,65.0,148.0,1978-04-22,0000-00-00,2,SAC
clinest01w,16.0,0.0,75.0,10.0,0.0,3.0,3.0,14.0,1.0,0.0,6.0,10.0,14.0,4.0,0.0,0.0,10.0,2.0,1.0,65.0,148.0,1978-04-22,0000-00-00,3,DET
coggicl01w,,,,,,,,,,,,,,,,,,,,,,,,8,CHI
cokermo01w,,,,,,,,,,,,,,,,,,,,,,,,5,LAS
colemco01w,,,,,,,,,,,,,,,,,,,,,,,,4,CON
colemma01w,,,,,,,,,,,,,,,,,,,,,,,,10,WAS
colleka01w,,,,,,,,,,,,,,,,,,,,,,,,1,MIA
colleka01w,32.0,32.0,873.0,264.0,15.0,48.0,63.0,50.0,27.0,7.0,65.0,65.0,293.0,103.0,70.0,53.0,21.0,5.0,0.0,70.0,145.0,1971-03-17,0000-00-00,2,MIA
consuca01w,,,,,,,,,,,,,,,,,,,,,,,,2,UTA
coopeca01w,,,,,,,,,,,,,,,,,,,,,,,,2,NYL
coopeca01w,4.0,0.0,51.0,26.0,7.0,4.0,11.0,1.0,0.0,2.0,3.0,6.0,12.0,8.0,13.0,10.0,0.0,0.0,0.0,76.0,176.0,1979-02-05,0000-00-00,3,NYL
coopecy01w,,,,,,,,,,,,,,,,,,,,,,,,1,HOU
coopecy01w,31.0,31.0,1085.0,550.0,17.0,68.0,85.0,156.0,39.0,6.0,99.0,61.0,392.0,180.0,168.0,147.0,121.0,43.0,0.0,70.0,150.0,1963-04-14,0000-00-00,4,HOU
crawlsy01w,,,,,,,,,,,,,,,,,,,,,,,,1,POR
crawlsy01w,31.0,30.0,930.0,357.0,64.0,121.0,185.0,34.0,29.0,24.0,88.0,96.0,298.0,143.0,102.0,71.0,2.0,0.0,2.0,77.0,187.0,1972-09-27,0000-00-00,2,POR
crawlsy01w,32.0,32.0,921.0,299.0,63.0,140.0,203.0,54.0,19.0,26.0,61.0,85.0,267.0,120.0,77.0,59.0,1.0,0.0,3.0,77.0,187.0,1972-09-27,0000-00-00,3,POR
crawlsy01w,32.0,31.0,819.0,279.0,46.0,88.0,134.0,47.0,18.0,37.0,62.0,90.0,284.0,114.0,63.0,44.0,17.0,7.0,0.0,77.0,187.0,1972-09-27,0000-00-00,4,SAS
crockda01w,,,,,,,,,,,,,,,,,,,,,,,,3,UTA
crockwi01w,,,,,,,,,,,,,,,,,,,,,,,,9,PHO
cronika01w,,,,,,,,,,,,,,,,,,,,,,,,7,CHI
cunnibe01w,,,,,,,,,,,,,,,,,,,,,,,,1,WAS
cunnida01w,,,,,,,,,,,,,,,,,,,,,,,,3,ORL
currimo01w,,,,,,,,,,,,,,,,,,,,,,,,7,CHA
currimo01w,34.0,33.0,844.0,339.0,51.0,81.0,132.0,87.0,34.0,4.0,62.0,100.0,262.0,87.0,184.0,149.0,55.0,16.0,1.0,72.0,177.0,1983-02-25,0000-00-00,8,CHI
currimo01w,34.0,33.0,844.0,339.0,51.0,81.0,132.0,87.0,34.0,4.0,62.0,100.0,262.0,87.0,184.0,149.0,55.0,16.0,1.0,72.0,177.0,1983-02-25,0000-00-00,8,WAS
currimo01w,33.0,24.0,832.0,354.0,45.0,88.0,133.0,58.0,24.0,7.0,51.0,95.0,241.0,106.0,163.0,128.0,41.0,14.0,1.0,72.0,177.0,1983-02-25,0000-00-00,9,WAS
currimo01w,34.0,34.0,972.0,403.0,32.0,109.0,141.0,86.0,30.0,12.0,87.0,121.0,337.0,135.0,132.0,109.0,64.0,24.0,2.0,72.0,177.0,1983-02-25,0000-00-00,10,WAS
curryed01w,,,,,,,,,,,,,,,,,,,,,,,,4,PHO
curryed01w,20.0,0.0,205.0,33.0,1.0,10.0,11.0,24.0,9.0,0.0,15.0,25.0,35.0,13.0,3.0,2.0,22.0,5.0,0.0,64.0,138.0,1979-07-09,0000-00-00,6,LAS
dalesst01w,,,,,,,,,,,,,,,,,,,,,,,,3,WAS
dalesst01w,31.0,28.0,805.0,303.0,26.0,55.0,81.0,84.0,16.0,4.0,68.0,79.0,230.0,93.0,100.0,74.0,109.0,43.0,1.0,72.0,155.0,1979-09-05,0000-00-00,4,WAS
dalesst01w,34.0,31.0,998.0,340.0,44.0,57.0,101.0,114.0,29.0,12.0,72.0,97.0,298.0,122.0,55.0,39.0,160.0,57.0,2.0,72.0,155.0,1979-09-05,0000-00-00,5,WAS
dalesst01w,31.0,26.0,782.0,254.0,17.0,47.0,64.0,78.0,20.0,3.0,37.0,61.0,228.0,87.0,55.0,40.0,119.0,40.0,0.0,72.0,155.0,1979-09-05,0000-00-00,7,CHI
dalesst01w,23.0,16.0,454.0,161.0,6.0,21.0,27.0,40.0,9.0,1.0,32.0,39.0,147.0,52.0,46.0,32.0,81.0,25.0,0.0,72.0,155.0,1979-09-05,0000-00-00,8,CHI
daleygr01w,,,,,,,,,,,,,,,,,,,,,,,,1,MIN
daleygr01w,30.0,4.0,577.0,173.0,32.0,40.0,72.0,57.0,12.0,0.0,50.0,49.0,147.0,57.0,65.0,42.0,56.0,17.0,0.0,66.0,147.0,1978-06-26,0000-00-00,2,NYL
daleygr01w,15.0,0.0,66.0,25.0,3.0,5.0,8.0,10.0,8.0,1.0,7.0,12.0,21.0,10.0,9.0,5.0,5.0,0.0,0.0,66.0,147.0,1978-06-26,0000-00-00,3,HOU
daleygr01w,23.0,4.0,185.0,63.0,13.0,10.0,23.0,16.0,3.0,1.0,17.0,15.0,37.0,16.0,47.0,29.0,8.0,2.0,0.0,66.0,147.0,1978-06-26,0000-00-00,4,PHO
darlihe01w,,,,,,,,,,,,,,,,,,,,,,,,1,CLE
darlihe01w,32.0,0.0,556.0,155.0,24.0,39.0,63.0,65.0,37.0,5.0,67.0,52.0,150.0,47.0,65.0,48.0,38.0,13.0,0.0,66.0,164.0,1978-08-29,0000-00-00,2,CLE
darlihe01w,32.0,32.0,778.0,196.0,18.0,58.0,76.0,109.0,34.0,4.0,70.0,59.0,166.0,59.0,72.0,55.0,70.0,23.0,0.0,66.0,164.0,1978-08-29,0000-00-00,4,CLE
darlihe01w,34.0,34.0,832.0,141.0,25.0,62.0,87.0,128.0,39.0,6.0,74.0,87.0,143.0,44.0,41.0,30.0,71.0,23.0,2.0,66.0,164.0,1978-08-29,0000-00-00,5,MIN
darlihe01w,33.0,22.0,707.0,140.0,11.0,56.0,67.0,115.0,30.0,4.0,74.0,83.0,130.0,43.0,63.0,42.0,55.0,12.0,0.0,66.0,164.0,1978-08-29,0000-00-00,6,CHA
darlihe01w,31.0,11.0,600.0,107.0,5.0,42.0,47.0,83.0,41.0,0.0,51.0,73.0,88.0,27.0,58.0,43.0,32.0,10.0,1.0,66.0,164.0,1978-08-29,0000-00-00,7,CHA
darlihe01w,29.0,29.0,607.0,158.0,13.0,46.0,59.0,82.0,35.0,3.0,73.0,76.0,138.0,51.0,55.0,38.0,47.0,18.0,0.0,66.0,164.0,1978-08-29,0000-00-00,8,SAS
darlihe01w,33.0,19.0,684.0,134.0,7.0,62.0,69.0,103.0,45.0,1.0,53.0,84.0,120.0,46.0,35.0,27.0,41.0,15.0,0.0,66.0,164.0,1978-08-29,0000-00-00,9,SAS
darlihe01w,31.0,14.0,580.0,108.0,13.0,60.0,73.0,54.0,33.0,3.0,45.0,67.0,123.0,33.0,38.0,30.0,60.0,12.0,0.0,66.0,164.0,1978-08-29,0000-00-00,10,SAS
davenje01w,,,,,,,,,,,,,,,,,,,,,,,,8,NYL
davenje01w,33.0,13.0,382.0,176.0,22.0,66.0,88.0,9.0,7.0,29.0,44.0,65.0,137.0,61.0,66.0,54.0,1.0,0.0,0.0,77.0,215.0,1985-06-24,0000-00-00,9,NYL
davenje01w,14.0,3.0,154.0,65.0,12.0,28.0,40.0,4.0,4.0,10.0,18.0,27.0,59.0,28.0,15.0,9.0,0.0,0.0,0.0,77.0,215.0,1985-06-24,0000-00-00,10,IND
davisbr01w,,,,,,,,,,,,,,,,,,,,,,,,7,LAS
davisde01w,,,,,,,,,,,,,,,,,,,,,,,,8,HOU
davista02w,,,,,,,,,,,,,,,,,,,,,,,,10,DET
deforan01w,,,,,,,,,,,,,,,,,,,,,,,,1,DET
deforan01w,27.0,10.0,433.0,145.0,9.0,38.0,47.0,47.0,27.0,4.0,33.0,34.0,126.0,51.0,32.0,25.0,56.0,18.0,0.0,70.0,160.0,1976-04-14,0000-00-00,4,PHO
deforan01w,34.0,27.0,1065.0,405.0,32.0,73.0,105.0,72.0,51.0,12.0,53.0,61.0,357.0,147.0,69.0,50.0,148.0,61.0,0.0,70.0,160.0,1976-04-14,0000-00-00,5,PHO
deforan01w,34.0,34.0,1152.0,488.0,23.0,100.0,123.0,107.0,51.0,8.0,68.0,51.0,396.0,165.0,102.0,88.0,181.0,70.0,0.0,70.0,160.0,1976-04-14,0000-00-00,6,PHO
deforan01w,33.0,33.0,1131.0,433.0,31.0,83.0,114.0,80.0,41.0,7.0,81.0,66.0,364.0,142.0,120.0,102.0,144.0,47.0,0.0,70.0,160.0,1976-04-14,0000-00-00,7,IND
deforan01w,34.0,34.0,1001.0,348.0,40.0,106.0,146.0,76.0,39.0,9.0,55.0,58.0,313.0,123.0,66.0,54.0,127.0,48.0,0.0,70.0,160.0,1976-04-14,0000-00-00,8,IND
deforan01w,34.0,34.0,795.0,296.0,28.0,83.0,111.0,52.0,26.0,4.0,46.0,36.0,268.0,112.0,32.0,29.0,105.0,43.0,0.0,70.0,160.0,1976-04-14,0000-00-00,9,MIN
deforan01w,34.0,34.0,847.0,288.0,24.0,79.0,103.0,59.0,27.0,5.0,31.0,52.0,271.0,106.0,38.0,29.0,129.0,47.0,0.0,70.0,160.0,1976-04-14,0000-00-00,10,DET
derevje01w,,,,,,,,,,,,,,,,,,,,,,,,5,CON
derevje01w,23.0,0.0,140.0,19.0,1.0,8.0,9.0,14.0,8.0,0.0,10.0,20.0,26.0,7.0,2.0,2.0,12.0,3.0,0.0,70.0,140.0,1982-03-29,0000-00-00,6,CON
derevje01w,34.0,1.0,359.0,24.0,10.0,20.0,30.0,40.0,11.0,2.0,26.0,47.0,22.0,8.0,16.0,7.0,7.0,1.0,0.0,70.0,140.0,1982-03-29,0000-00-00,7,PHO
derevje01w,31.0,8.0,467.0,96.0,11.0,46.0,57.0,68.0,23.0,7.0,25.0,42.0,75.0,38.0,26.0,16.0,15.0,4.0,0.0,70.0,140.0,1982-03-29,0000-00-00,8,PHO
derevje01w,23.0,0.0,200.0,36.0,5.0,18.0,23.0,24.0,6.0,1.0,16.0,18.0,30.0,13.0,11.0,9.0,10.0,1.0,0.0,70.0,140.0,1982-03-29,0000-00-00,9,PHO
desouer01w,,,,,,,,,,,,,,,,,,,,,,,,3,LAS
desouer01w,11.0,0.0,41.0,12.0,8.0,6.0,14.0,2.0,3.0,0.0,6.0,14.0,14.0,5.0,10.0,2.0,0.0,0.0,0.0,77.0,190.0,1982-03-03,0000-00-00,8,CON
desouer01w,32.0,2.0,391.0,136.0,37.0,60.0,97.0,14.0,7.0,29.0,35.0,55.0,118.0,63.0,21.0,10.0,0.0,0.0,0.0,77.0,190.0,1982-03-03,0000-00-00,9,ATL
desouer01w,12.0,8.0,277.0,112.0,39.0,40.0,79.0,8.0,17.0,21.0,20.0,48.0,82.0,48.0,26.0,16.0,0.0,0.0,2.0,77.0,190.0,1982-03-03,0000-00-00,10,ATL
dickeke01w,,,,,,,,,,,,,,,,,,,,,,,,1,MIN
dickeke01w,32.0,29.0,791.0,142.0,31.0,110.0,141.0,59.0,37.0,2.0,70.0,107.0,142.0,54.0,45.0,34.0,2.0,0.0,4.0,71.0,165.0,1978-04-20,0000-00-00,2,UTA
dillata01w,,,,,,,,,,,,,,,,,,,,,,,,4,SAS
dillata01w,24.0,0.0,168.0,41.0,1.0,14.0,15.0,15.0,7.0,4.0,14.0,22.0,65.0,16.0,6.0,5.0,23.0,4.0,0.0,69.0,154.0,1981-05-06,0000-00-00,5,SAS
dillata01w,23.0,0.0,205.0,37.0,2.0,12.0,14.0,19.0,4.0,1.0,14.0,18.0,54.0,16.0,1.0,0.0,18.0,5.0,0.0,69.0,154.0,1981-05-06,0000-00-00,6,SAS
dixonta01w,,,,,,,,,,,,,,,,,,,,,,,,1,LAS
dixonta01w,31.0,31.0,882.0,338.0,34.0,71.0,105.0,96.0,40.0,10.0,60.0,86.0,291.0,132.0,77.0,62.0,34.0,12.0,0.0,69.0,148.0,1975-12-14,0000-00-00,2,LAS
dixonta01w,29.0,29.0,925.0,340.0,19.0,66.0,85.0,114.0,27.0,2.0,71.0,52.0,319.0,133.0,86.0,68.0,34.0,6.0,2.0,69.0,148.0,1975-12-14,0000-00-00,3,LAS
dixonta01w,30.0,30.0,958.0,319.0,18.0,74.0,92.0,119.0,28.0,5.0,82.0,74.0,320.0,125.0,59.0,49.0,57.0,20.0,2.0,69.0,148.0,1975-12-14,0000-00-00,4,LAS
dixonta01w,30.0,30.0,1042.0,412.0,41.0,85.0,126.0,89.0,35.0,10.0,69.0,83.0,364.0,159.0,94.0,83.0,52.0,11.0,0.0,69.0,148.0,1975-12-14,0000-00-00,5,LAS
dixonta01w,32.0,21.0,913.0,311.0,32.0,78.0,110.0,112.0,36.0,1.0,71.0,86.0,269.0,119.0,87.0,68.0,11.0,5.0,0.0,69.0,148.0,1975-12-14,0000-00-00,6,LAS
dixonta01w,30.0,23.0,607.0,160.0,24.0,43.0,67.0,77.0,24.0,2.0,40.0,73.0,154.0,63.0,40.0,34.0,5.0,0.0,0.0,69.0,148.0,1975-12-14,0000-00-00,7,HOU
dixonta01w,23.0,14.0,591.0,162.0,19.0,41.0,60.0,54.0,13.0,2.0,58.0,63.0,171.0,69.0,28.0,23.0,9.0,1.0,1.0,69.0,148.0,1975-12-14,0000-00-00,8,HOU
dixonta01w,18.0,0.0,490.0,216.0,12.0,45.0,57.0,57.0,24.0,6.0,38.0,42.0,205.0,90.0,36.0,31.0,17.0,5.0,0.0,69.0,148.0,1975-12-14,0000-00-00,9,HOU
dixonta01w,24.0,20.0,634.0,216.0,23.0,53.0,76.0,44.0,25.0,3.0,48.0,63.0,221.0,89.0,42.0,36.0,13.0,2.0,1.0,69.0,148.0,1975-12-14,0000-00-00,10,IND
donapbe01w,,,,,,,,,,,,,,,,,,,,,,,,4,NYL
donapbe01w,1.0,0.0,2.0,0.0,0.0,0.0,0.0,0.0,0.0,0.0,0.0,0.0,0.0,0.0,0.0,0.0,0.0,0.0,0.0,74.0,195.0,1980-08-27,0000-00-00,5,NYL
doronsh01w,,,,,,,,,,,,,,,,,,,,,,,,8,NYL
dossaci01w,,,,,,,,,,,,,,,,,,,,,,,,1,ORL
dossaci01w,32.0,31.0,820.0,228.0,35.0,89.0,124.0,38.0,16.0,63.0,54.0,111.0,222.0,94.0,57.0,40.0,1.0,0.0,2.0,77.0,187.0,1975-01-31,0000-00-00,2,ORL
dossaci01w,10.0,0.0,65.0,19.0,1.0,5.0,6.0,2.0,3.0,5.0,7.0,18.0,19.0,7.0,6.0,5.0,0.0,0.0,0.0,77.0,187.0,1975-01-31,0000-00-00,3,ORL
douglka01w,,,,,,,,,,,,,,,,,,,,,,,,2,ORL
douglka01w,22.0,0.0,439.0,154.0,16.0,35.0,51.0,39.0,37.0,7.0,44.0,34.0,141.0,51.0,47.0,34.0,57.0,18.0,0.0,72.0,167.0,1979-05-07,0000-00-00,3,ORL
douglka01w,32.0,30.0,830.0,271.0,41.0,94.0,135.0,53.0,49.0,13.0,42.0,66.0,205.0,92.0,67.0,58.0,79.0,29.0,1.0,72.0,167.0,1979-05-07,0000-00-00,4,CON
douglka01w,28.0,27.0,843.0,336.0,33.0,73.0,106.0,56.0,31.0,11.0,28.0,38.0,274.0,120.0,68.0,49.0,123.0,47.0,0.0,72.0,167.0,1979-05-07,0000-00-00,5,CON
douglka01w,34.0,34.0,1120.0,364.0,33.0,99.0,132.0,90.0,50.0,13.0,52.0,73.0,321.0,125.0,77.0,61.0,153.0,53.0,0.0,72.0,167.0,1979-05-07,0000-00-00,6,CON
douglka01w,32.0,32.0,998.0,351.0,45.0,85.0,130.0,94.0,48.0,4.0,54.0,57.0,288.0,119.0,106.0,82.0,110.0,31.0,0.0,72.0,167.0,1979-05-07,0000-00-00,7,CON
douglka01w,32.0,32.0,1003.0,525.0,38.0,83.0,121.0,79.0,62.0,4.0,73.0,48.0,404.0,179.0,112.0,94.0,173.0,73.0,0.0,72.0,167.0,1979-05-07,0000-00-00,8,CON
douglka01w,34.0,34.0,1133.0,577.0,49.0,109.0,158.0,125.0,65.0,10.0,95.0,67.0,484.0,207.0,122.0,95.0,201.0,68.0,0.0,72.0,167.0,1979-05-07,0000-00-00,9,IND
douglka01w,33.0,33.0,1134.0,516.0,41.0,94.0,135.0,106.0,53.0,11.0,100.0,54.0,458.0,170.0,149.0,119.0,176.0,57.0,0.0,72.0,167.0,1979-05-07,0000-00-00,10,IND
duffyme01w,,,,,,,,,,,,,,,,,,,,,,,,7,MIN
duffyme01w,31.0,0.0,387.0,105.0,10.0,19.0,29.0,36.0,9.0,0.0,24.0,37.0,92.0,33.0,39.0,27.0,37.0,12.0,0.0,67.0,135.0,1984-07-13,0000-00-00,8,MIN
duffyme01w,5.0,0.0,48.0,7.0,2.0,3.0,5.0,7.0,1.0,0.0,4.0,7.0,9.0,1.0,4.0,4.0,8.0,1.0,0.0,67.0,135.0,1984-07-13,0000-00-00,9,NYL
dupreca01w,,,,,,,,,,,,,,,,,,,,,,,,7,CHI
dupreca01w,34.0,31.0,1032.0,467.0,55.0,133.0,188.0,60.0,43.0,25.0,60.0,72.0,407.0,186.0,122.0,95.0,5.0,0.0,0.0,74.0,162.0,1984-08-16,0000-00-00,8,CHI
dupreca01w,33.0,33.0,1078.0,544.0,79.0,175.0,254.0,46.0,29.0,41.0,81.0,82.0,471.0,210.0,160.0,124.0,5.0,0.0,1.0,74.0,162.0,1984-08-16,0000-00-00,9,CHI
dupreca01w,34.0,34.0,1119.0,555.0,77.0,193.0,270.0,78.0,36.0,45.0,98.0,78.0,455.0,208.0,177.0,138.0,7.0,1.0,0.0,74.0,162.0,1984-08-16,0000-00-00,10,CHI
dydekma01w,,,,,,,,,,,,,,,,,,,,,,,,1,UTA
dydekma01w,32.0,32.0,775.0,294.0,29.0,146.0,175.0,51.0,18.0,96.0,82.0,114.0,236.0,105.0,103.0,82.0,14.0,2.0,1.0,71.9458794587946,223.0,1974-04-28,2011-05-27,2,UTA
dydekma01w,32.0,32.0,970.0,349.0,29.0,214.0,243.0,64.0,25.0,113.0,90.0,108.0,291.0,128.0,109.0,87.0,15.0,6.0,1.0,71.9458794587946,223.0,1974-04-28,2011-05-27,3,UTA
dydekma01w,30.0,27.0,876.0,394.0,52.0,210.0,262.0,71.0,25.0,107.0,96.0,99.0,319.0,139.0,135.0,114.0,8.0,2.0,2.0,71.9458794587946,223.0,1974-04-28,2011-05-27,4,SAS
dydekma01w,34.0,34.0,926.0,406.0,45.0,206.0,251.0,58.0,19.0,100.0,80.0,113.0,346.0,156.0,130.0,94.0,1.0,0.0,1.0,71.9458794587946,223.0,1974-04-28,2011-05-27,5,SAS
dydekma01w,34.0,24.0,682.0,225.0,30.0,138.0,168.0,60.0,20.0,48.0,64.0,70.0,208.0,90.0,58.0,44.0,2.0,1.0,0.0,71.9458794587946,223.0,1974-04-28,2011-05-27,6,CON
dydekma01w,31.0,30.0,671.0,225.0,27.0,168.0,195.0,38.0,8.0,71.0,47.0,62.0,162.0,87.0,65.0,50.0,2.0,1.0,0.0,71.9458794587946,223.0,1974-04-28,2011-05-27,7,CON
dydekma01w,34.0,34.0,743.0,320.0,35.0,171.0,206.0,40.0,21.0,85.0,50.0,73.0,253.0,125.0,84.0,69.0,4.0,1.0,0.0,71.9458794587946,223.0,1974-04-28,2011-05-27,8,CON
dydekma01w,32.0,30.0,643.0,214.0,37.0,172.0,209.0,31.0,12.0,66.0,51.0,75.0,187.0,91.0,38.0,30.0,5.0,2.0,1.0,71.9458794587946,223.0,1974-04-28,2011-05-27,9,LAS
edwarmi01w,,,,,,,,,,,,,,,,,,,,,,,,1,CLE
edwarmi01w,,,,,,,,,,,,,,,,,,,,,,,,1,SEA
edwarmi01w,23.0,13.0,472.0,139.0,7.0,29.0,36.0,41.0,14.0,5.0,42.0,32.0,153.0,55.0,35.0,23.0,35.0,6.0,0.0,69.0,150.0,1966-03-06,0000-00-00,2,SEA
edwarsi01w,,,,,,,,,,,,,,,,,,,,,,,,1,SEA
edwarsi01w,29.0,7.0,645.0,216.0,38.0,69.0,107.0,22.0,16.0,10.0,45.0,57.0,182.0,83.0,80.0,50.0,0.0,0.0,0.0,76.0,164.0,1973-11-17,0000-00-00,2,SEA
edwarsi01w,32.0,27.0,810.0,237.0,67.0,90.0,157.0,26.0,24.0,20.0,37.0,54.0,190.0,91.0,83.0,55.0,0.0,0.0,0.0,76.0,164.0,1973-11-17,0000-00-00,3,SEA
edwarsi01w,32.0,5.0,694.0,223.0,46.0,95.0,141.0,19.0,21.0,12.0,44.0,66.0,158.0,84.0,73.0,54.0,1.0,1.0,0.0,76.0,164.0,1973-11-17,0000-00-00,4,SEA
edwarsi01w,34.0,6.0,577.0,157.0,54.0,79.0,133.0,16.0,10.0,9.0,31.0,55.0,134.0,61.0,56.0,35.0,0.0,0.0,0.0,76.0,164.0,1973-11-17,0000-00-00,5,SEA
edwarsi01w,23.0,3.0,257.0,48.0,25.0,31.0,56.0,5.0,8.0,3.0,13.0,25.0,55.0,20.0,19.0,8.0,0.0,0.0,0.0,76.0,164.0,1973-11-17,0000-00-00,6,SEA
edwarte01w,,,,,,,,,,,,,,,,,,,,,,,,4,MIN
edwarte01w,34.0,34.0,854.0,181.0,24.0,81.0,105.0,148.0,41.0,11.0,92.0,60.0,168.0,63.0,40.0,31.0,80.0,24.0,0.0,71.0,155.0,1964-07-09,0000-00-00,5,MIN
edwarto01w,,,,,,,,,,,,,,,,,,,,,,,,1,PHO
edwarto01w,32.0,32.0,926.0,338.0,19.0,57.0,76.0,58.0,36.0,9.0,63.0,80.0,298.0,112.0,101.0,79.0,114.0,35.0,2.0,70.0,160.0,1968-03-13,0000-00-00,2,PHO
edwarto01w,32.0,32.0,926.0,338.0,19.0,57.0,76.0,58.0,36.0,9.0,63.0,80.0,298.0,112.0,101.0,79.0,114.0,35.0,2.0,70.0,160.0,1968-03-13,0000-00-00,2,CHA
edwarto01w,32.0,9.0,580.0,194.0,16.0,46.0,62.0,48.0,19.0,7.0,62.0,79.0,171.0,60.0,84.0,64.0,36.0,10.0,1.0,70.0,160.0,1968-03-13,0000-00-00,3,CHA
elysh01w,,,,,,,,,,,,,,,,,,,,,,,,6,SAS
elysh01w,31.0,11.0,528.0,139.0,11.0,51.0,62.0,27.0,7.0,4.0,33.0,42.0,132.0,50.0,39.0,30.0,31.0,9.0,0.0,74.0,182.0,1983-08-09,0000-00-00,7,SAS
elysh01w,12.0,1.0,136.0,41.0,5.0,26.0,31.0,10.0,2.0,0.0,13.0,17.0,44.0,12.0,26.0,15.0,9.0,2.0,0.0,74.0,182.0,1983-08-09,0000-00-00,8,SEA
elysh01w,29.0,0.0,282.0,65.0,10.0,29.0,39.0,11.0,8.0,1.0,19.0,28.0,62.0,20.0,31.0,20.0,15.0,5.0,0.0,74.0,182.0,1983-08-09,0000-00-00,9,SEA
elysh01w,34.0,1.0,389.0,113.0,30.0,60.0,90.0,16.0,12.0,5.0,29.0,56.0,115.0,47.0,24.0,15.0,11.0,4.0,0.0,74.0,182.0,1983-08-09,0000-00-00,10,CHI
enissh01w,,,,,,,,,,,,,,,,,,,,,,,,1,CHA
enissh01w,12.0,9.0,323.0,139.0,21.0,24.0,45.0,10.0,10.0,1.0,16.0,30.0,104.0,41.0,60.0,46.0,32.0,11.0,0.0,73.0,185.0,1974-12-03,0000-00-00,2,CHA
enissh01w,32.0,11.0,623.0,191.0,48.0,65.0,113.0,14.0,10.0,5.0,36.0,60.0,158.0,66.0,63.0,45.0,31.0,14.0,0.0,73.0,185.0,1974-12-03,0000-00-00,3,CHA
enissh01w,4.0,0.0,59.0,19.0,6.0,3.0,9.0,3.0,1.0,2.0,1.0,4.0,18.0,5.0,9.0,9.0,3.0,0.0,0.0,73.0,185.0,1974-12-03,0000-00-00,4,CHA
erbsu01w,,,,,,,,,,,,,,,,,,,,,,,,1,CHA
erbsu01w,29.0,0.0,275.0,92.0,26.0,37.0,63.0,10.0,8.0,6.0,17.0,68.0,73.0,32.0,43.0,28.0,1.0,0.0,0.0,78.0,240.0,1977-07-25,0000-00-00,2,CHA
erbsu01w,18.0,0.0,148.0,54.0,8.0,27.0,35.0,4.0,1.0,5.0,10.0,23.0,42.0,18.0,21.0,18.0,0.0,0.0,0.0,78.0,240.0,1977-07-25,0000-00-00,3,CHA
ervinla01w,,,,,,,,,,,,,,,,,,,,,,,,10,CON
fallotr01w,,,,,,,,,,,,,,,,,,,,,,,,2,PHO
farriba01w,,,,,,,,,,,,,,,,,,,,,,,,1,DET
farriba01w,14.0,2.0,130.0,45.0,16.0,16.0,32.0,2.0,6.0,1.0,14.0,30.0,30.0,15.0,27.0,15.0,1.0,0.0,0.0,75.0,200.0,1976-09-10,0000-00-00,2,DET
farriba01w,31.0,10.0,559.0,129.0,41.0,68.0,109.0,16.0,7.0,5.0,30.0,68.0,98.0,46.0,58.0,37.0,0.0,0.0,1.0,75.0,200.0,1976-09-10,0000-00-00,3,DET
farriba01w,32.0,16.0,564.0,143.0,29.0,65.0,94.0,16.0,12.0,9.0,38.0,62.0,117.0,49.0,61.0,45.0,1.0,0.0,0.0,75.0,200.0,1976-09-10,0000-00-00,4,DET
farriba01w,34.0,0.0,522.0,127.0,29.0,53.0,82.0,23.0,10.0,4.0,41.0,62.0,99.0,43.0,63.0,41.0,0.0,0.0,0.0,75.0,200.0,1976-09-10,0000-00-00,5,DET
farriba01w,26.0,0.0,422.0,118.0,28.0,33.0,61.0,7.0,8.0,2.0,26.0,46.0,80.0,41.0,54.0,36.0,0.0,0.0,0.0,75.0,200.0,1976-09-10,0000-00-00,6,DET
farriba01w,34.0,1.0,444.0,83.0,31.0,53.0,84.0,19.0,8.0,1.0,43.0,55.0,73.0,25.0,54.0,33.0,0.0,0.0,0.0,75.0,200.0,1976-09-10,0000-00-00,7,NYL
farriba01w,34.0,34.0,944.0,261.0,56.0,122.0,178.0,51.0,21.0,5.0,65.0,105.0,221.0,95.0,98.0,71.0,3.0,0.0,1.0,75.0,200.0,1976-09-10,0000-00-00,8,NYL
farriba01w,28.0,0.0,237.0,53.0,16.0,27.0,43.0,13.0,6.0,1.0,19.0,32.0,58.0,20.0,16.0,13.0,0.0,0.0,0.0,75.0,200.0,1976-09-10,0000-00-00,9,PHO
farriba01w,34.0,8.0,553.0,118.0,38.0,92.0,130.0,8.0,20.0,4.0,35.0,87.0,93.0,44.0,43.0,30.0,0.0,0.0,0.0,75.0,200.0,1976-09-10,0000-00-00,10,DET
feastal01w,,,,,,,,,,,,,,,,,,,,,,,,1,LAS
feastal01w,32.0,0.0,469.0,202.0,36.0,49.0,85.0,33.0,23.0,2.0,35.0,47.0,167.0,60.0,72.0,60.0,85.0,22.0,0.0,71.0,168.0,1976-02-11,0000-00-00,2,CHA
feastal01w,32.0,32.0,1007.0,365.0,55.0,98.0,153.0,46.0,29.0,10.0,59.0,86.0,336.0,126.0,63.0,58.0,168.0,55.0,1.0,71.0,168.0,1976-02-11,0000-00-00,3,CHA
feastal01w,32.0,32.0,956.0,379.0,37.0,81.0,118.0,61.0,39.0,12.0,40.0,79.0,292.0,115.0,85.0,70.0,189.0,79.0,0.0,71.0,168.0,1976-02-11,0000-00-00,4,CHA
feastal01w,34.0,34.0,1096.0,422.0,37.0,76.0,113.0,73.0,52.0,9.0,72.0,75.0,378.0,142.0,78.0,66.0,205.0,72.0,0.0,71.0,168.0,1976-02-11,0000-00-00,5,CHA
feastal01w,33.0,32.0,1052.0,388.0,22.0,62.0,84.0,60.0,27.0,6.0,68.0,61.0,332.0,132.0,91.0,79.0,143.0,45.0,0.0,71.0,168.0,1976-02-11,0000-00-00,6,CHA
feastal01w,21.0,21.0,666.0,192.0,9.0,28.0,37.0,51.0,14.0,2.0,38.0,52.0,162.0,61.0,39.0,33.0,86.0,37.0,0.0,71.0,168.0,1976-02-11,0000-00-00,7,CHA
feastal01w,32.0,1.0,309.0,55.0,3.0,17.0,20.0,21.0,13.0,2.0,14.0,20.0,81.0,19.0,2.0,1.0,64.0,16.0,0.0,71.0,168.0,1976-02-11,0000-00-00,9,IND
feifesu01w,,,,,,,,,,,,,,,,,,,,,,,,6,SAC
ferdima01w,,,,,,,,,,,,,,,,,,,,,,,,2,UTA
ferdima01w,32.0,22.0,864.0,366.0,23.0,63.0,86.0,79.0,40.0,4.0,63.0,70.0,290.0,143.0,113.0,69.0,42.0,11.0,1.0,69.0,153.0,1978-10-13,0000-00-00,3,UTA
ferdima01w,32.0,32.0,1065.0,489.0,19.0,88.0,107.0,91.0,51.0,7.0,89.0,86.0,371.0,176.0,171.0,132.0,34.0,5.0,0.0,69.0,153.0,1978-10-13,0000-00-00,4,SAS
ferdima01w,34.0,34.0,1116.0,470.0,28.0,99.0,127.0,90.0,58.0,6.0,85.0,87.0,384.0,139.0,223.0,176.0,52.0,16.0,0.0,69.0,153.0,1978-10-13,0000-00-00,5,SAS
ferdima01w,17.0,17.0,509.0,199.0,18.0,36.0,54.0,29.0,32.0,2.0,35.0,34.0,162.0,67.0,64.0,55.0,27.0,10.0,0.0,69.0,153.0,1978-10-13,0000-00-00,6,SAS
ferdima01w,31.0,31.0,999.0,388.0,40.0,76.0,116.0,68.0,46.0,5.0,70.0,74.0,358.0,132.0,134.0,104.0,65.0,20.0,0.0,69.0,153.0,1978-10-13,0000-00-00,8,SAS
ferdima01w,34.0,12.0,481.0,164.0,33.0,48.0,81.0,28.0,19.0,3.0,37.0,55.0,170.0,61.0,40.0,36.0,27.0,6.0,0.0,69.0,153.0,1978-10-13,0000-00-00,9,LAS
ferdima01w,33.0,25.0,680.0,276.0,30.0,55.0,85.0,43.0,25.0,4.0,41.0,71.0,246.0,91.0,92.0,82.0,44.0,12.0,0.0,69.0,153.0,1978-10-13,0000-00-00,10,LAS
fernama01w,,,,,,,,,,,,,,,,,,,,,,,,8,LAS
ferrama01w,,,,,,,,,,,,,,,,,,,,,,,,1,NYL
figgsuk01w,,,,,,,,,,,,,,,,,,,,,,,,1,LAS
figgsuk01w,32.0,32.0,803.0,215.0,14.0,41.0,55.0,127.0,21.0,3.0,43.0,53.0,153.0,66.0,65.0,54.0,82.0,29.0,0.0,69.0,142.0,1977-03-31,0000-00-00,2,LAS
figgsuk01w,32.0,29.0,930.0,257.0,14.0,86.0,100.0,126.0,43.0,4.0,55.0,42.0,179.0,76.0,63.0,51.0,117.0,54.0,0.0,69.0,142.0,1977-03-31,0000-00-00,3,POR
figgsuk01w,31.0,31.0,866.0,264.0,13.0,67.0,80.0,104.0,25.0,2.0,44.0,50.0,233.0,83.0,65.0,59.0,120.0,39.0,0.0,69.0,142.0,1977-03-31,0000-00-00,4,HOU
firsool01w,,,,,,,,,,,,,,,,,,,,,,,,1,NYL
floremi01w,,,,,,,,,,,,,,,,,,,,,,,,1,MIA
flukety01w,,,,,,,,,,,,,,,,,,,,,,,,7,CHA
flukety01w,31.0,1.0,324.0,76.0,26.0,40.0,66.0,9.0,2.0,14.0,21.0,48.0,89.0,30.0,22.0,16.0,2.0,0.0,0.0,77.0,209.0,1984-12-27,0000-00-00,8,SEA
flukety01w,31.0,1.0,324.0,76.0,26.0,40.0,66.0,9.0,2.0,14.0,21.0,48.0,89.0,30.0,22.0,16.0,2.0,0.0,0.0,77.0,209.0,1984-12-27,0000-00-00,8,LAS
flukety01w,21.0,0.0,145.0,40.0,11.0,15.0,26.0,3.0,3.0,8.0,12.0,17.0,54.0,17.0,9.0,5.0,3.0,1.0,0.0,77.0,209.0,1984-12-27,0000-00-00,9,CHI
folklkr01w,,,,,,,,,,,,,,,,,,,,,,,,1,MIN
folklkr01w,32.0,20.0,845.0,242.0,38.0,116.0,154.0,67.0,23.0,22.0,50.0,80.0,191.0,86.0,94.0,66.0,19.0,4.0,1.0,74.0,190.0,1975-12-19,0000-00-00,2,POR
folklkr01w,32.0,31.0,862.0,180.0,49.0,196.0,245.0,45.0,20.0,34.0,39.0,56.0,166.0,71.0,40.0,33.0,12.0,5.0,0.0,74.0,190.0,1975-12-19,0000-00-00,3,POR
fordch01w,,,,,,,,,,,,,,,,,,,,,,,,4,DET
fordch01w,32.0,32.0,956.0,344.0,99.0,235.0,334.0,27.0,32.0,31.0,79.0,109.0,270.0,128.0,129.0,88.0,0.0,0.0,1.0,75.0,198.0,1981-06-06,0000-00-00,5,DET
fordch01w,31.0,31.0,912.0,329.0,104.0,193.0,297.0,34.0,41.0,25.0,54.0,118.0,287.0,118.0,158.0,93.0,0.0,0.0,3.0,75.0,198.0,1981-06-06,0000-00-00,6,DET
fordch01w,33.0,33.0,932.0,313.0,113.0,209.0,322.0,26.0,33.0,46.0,69.0,143.0,279.0,120.0,150.0,73.0,0.0,0.0,6.0,75.0,198.0,1981-06-06,0000-00-00,7,DET
fordch01w,32.0,32.0,920.0,443.0,130.0,233.0,363.0,45.0,38.0,25.0,58.0,114.0,315.0,157.0,199.0,129.0,0.0,0.0,0.0,75.0,198.0,1981-06-06,0000-00-00,8,DET
fordch01w,15.0,15.0,460.0,195.0,48.0,120.0,168.0,22.0,28.0,11.0,42.0,54.0,143.0,71.0,83.0,53.0,0.0,0.0,0.0,75.0,198.0,1981-06-06,0000-00-00,9,DET
fordch01w,24.0,24.0,637.0,243.0,74.0,134.0,208.0,22.0,24.0,9.0,23.0,70.0,185.0,89.0,116.0,65.0,0.0,0.0,0.0,75.0,198.0,1981-06-06,0000-00-00,10,DET
fordki01w,,,,,,,,,,,,,,,,,,,,,,,,1,MIA
fordki01w,28.0,0.0,424.0,104.0,32.0,30.0,62.0,21.0,32.0,1.0,27.0,65.0,108.0,33.0,63.0,37.0,4.0,1.0,1.0,70.0,153.0,1975-04-04,0000-00-00,2,MIA
fordst01w,,,,,,,,,,,,,,,,,,,,,,,,2,NYL
fordst01w,1.0,0.0,3.0,2.0,0.0,1.0,1.0,0.0,0.0,0.0,0.0,0.0,1.0,1.0,0.0,0.0,0.0,0.0,0.0,74.0,185.0,1969-01-14,0000-00-00,3,SAC
fowlesy01w,,,,,,,,,,,,,,,,,,,,,,,,9,CHI
fowlesy01w,17.0,14.0,430.0,178.0,28.0,99.0,127.0,5.0,19.0,36.0,37.0,32.0,150.0,77.0,41.0,24.0,0.0,0.0,1.0,78.0,200.0,1985-10-06,0000-00-00,10,CHI
francde01w,,,,,,,,,,,,,,,,,,,,,,,,1,NYL
frankaq01w,,,,,,,,,,,,,,,,,,,,,,,,9,SAC
frankaq01w,34.0,0.0,351.0,53.0,5.0,40.0,45.0,59.0,16.0,1.0,26.0,44.0,70.0,19.0,14.0,9.0,24.0,6.0,0.0,64.0,154.0,1985-09-29,0000-00-00,10,SEA
frazeme01w,,,,,,,,,,,,,,,,,,,,,,,,10,SAS
fresest01w,,,,,,,,,,,,,,,,,,,,,,,,1,UTA
frettla01w,,,,,,,,,,,,,,,,,,,,,,,,1,LAS
frettla01w,25.0,0.0,187.0,40.0,8.0,16.0,24.0,6.0,7.0,6.0,13.0,10.0,51.0,14.0,16.0,12.0,1.0,0.0,0.0,75.0,170.0,1975-06-12,0000-00-00,2,SAC
frettla01w,30.0,10.0,403.0,128.0,23.0,32.0,55.0,18.0,10.0,6.0,32.0,30.0,126.0,49.0,35.0,30.0,0.0,0.0,0.0,75.0,170.0,1975-06-12,0000-00-00,3,SAC
frettla01w,32.0,15.0,648.0,187.0,30.0,65.0,95.0,23.0,5.0,19.0,27.0,70.0,187.0,84.0,17.0,14.0,15.0,5.0,2.0,75.0,170.0,1975-06-12,0000-00-00,4,SAC
frettla01w,24.0,4.0,150.0,36.0,9.0,14.0,23.0,12.0,2.0,3.0,10.0,16.0,47.0,17.0,2.0,1.0,2.0,1.0,0.0,75.0,170.0,1975-06-12,0000-00-00,5,CHA
frettla01w,24.0,4.0,150.0,36.0,9.0,14.0,23.0,12.0,2.0,3.0,10.0,16.0,47.0,17.0,2.0,1.0,2.0,1.0,0.0,75.0,170.0,1975-06-12,0000-00-00,5,NYL
frettla01w,26.0,2.0,347.0,117.0,17.0,33.0,50.0,18.0,10.0,7.0,24.0,29.0,98.0,47.0,37.0,23.0,0.0,0.0,0.0,75.0,170.0,1975-06-12,0000-00-00,6,NYL
friertr01w,,,,,,,,,,,,,,,,,,,,,,,,5,SEA
frohlli01w,,,,,,,,,,,,,,,,,,,,,,,,3,NYL
frohlli01w,16.0,0.0,67.0,6.0,3.0,10.0,13.0,1.0,2.0,0.0,4.0,11.0,10.0,1.0,4.0,4.0,4.0,0.0,0.0,75.0,185.0,1979-06-23,0000-00-00,4,NYL
frohlli01w,26.0,0.0,214.0,83.0,11.0,25.0,36.0,15.0,6.0,8.0,14.0,26.0,72.0,31.0,22.0,14.0,13.0,7.0,0.0,75.0,185.0,1979-06-23,0000-00-00,7,IND
frohlli01w,20.0,0.0,169.0,66.0,14.0,21.0,35.0,9.0,5.0,0.0,13.0,27.0,68.0,26.0,8.0,6.0,22.0,8.0,0.0,75.0,185.0,1979-06-23,0000-00-00,8,SAC
futreca01w,,,,,,,,,,,,,,,,,,,,,,,,5,CON
gaithka01w,,,,,,,,,,,,,,,,,,,,,,,,1,UTA
gaithka01w,,,,,,,,,,,,,,,,,,,,,,,,1,IND
gaithka01w,15.0,0.0,78.0,20.0,8.0,12.0,20.0,5.0,4.0,1.0,5.0,10.0,15.0,5.0,10.0,10.0,0.0,0.0,0.0,75.0,170.0,1975-08-13,0000-00-00,3,LAS
gaithka01w,15.0,0.0,78.0,20.0,8.0,12.0,20.0,5.0,4.0,1.0,5.0,10.0,15.0,5.0,10.0,10.0,0.0,0.0,0.0,75.0,170.0,1975-08-13,0000-00-00,3,WAS
garcibe01w,,,,,,,,,,,,,,,,,,,,,,,,3,DET
gardike01w,,,,,,,,,,,,,,,,,,,,,,,,9,CON
gardike01w,34.0,15.0,540.0,137.0,38.0,73.0,111.0,41.0,29.0,7.0,45.0,56.0,133.0,47.0,41.0,22.0,56.0,21.0,0.0,73.0,168.0,1984-05-19,0000-00-00,10,CON
gardnan01w,,,,,,,,,,,,,,,,,,,,,,,,3,UTA
gardnan01w,30.0,2.0,198.0,57.0,29.0,32.0,61.0,5.0,3.0,3.0,13.0,35.0,49.0,18.0,38.0,21.0,0.0,0.0,0.0,75.0,190.0,1979-12-23,0000-00-00,9,WAS
garnean01w,,,,,,,,,,,,,,,,,,,,,,,,1,SEA
gaydeco01w,,,,,,,,,,,,,,,,,,,,,,,,1,ORL
gearlka01w,,,,,,,,,,,,,,,,,,,,,,,,8,SEA
gearlka01w,33.0,0.0,437.0,132.0,16.0,37.0,53.0,24.0,12.0,6.0,20.0,22.0,114.0,44.0,25.0,22.0,64.0,22.0,0.0,73.0,184.0,1984-10-26,0000-00-00,9,SEA
gearlka01w,34.0,3.0,468.0,171.0,5.0,39.0,44.0,21.0,11.0,3.0,15.0,28.0,158.0,59.0,23.0,17.0,92.0,36.0,0.0,73.0,184.0,1984-10-26,0000-00-00,10,SEA
gibsoke01w,,,,,,,,,,,,,,,,,,,,,,,,1,HOU
gibsoke01w,17.0,0.0,76.0,24.0,4.0,8.0,12.0,2.0,1.0,0.0,4.0,11.0,19.0,7.0,8.0,7.0,7.0,3.0,0.0,70.0,136.0,1976-11-10,0000-00-00,2,HOU
gibsoke01w,28.0,6.0,288.0,44.0,6.0,23.0,29.0,13.0,8.0,6.0,15.0,20.0,57.0,13.0,22.0,15.0,21.0,3.0,0.0,70.0,136.0,1976-11-10,0000-00-00,3,HOU
gibsoke01w,29.0,2.0,276.0,60.0,3.0,17.0,20.0,14.0,8.0,7.0,21.0,21.0,55.0,21.0,6.0,4.0,36.0,14.0,0.0,70.0,136.0,1976-11-10,0000-00-00,4,HOU
gilloje01w,,,,,,,,,,,,,,,,,,,,,,,,1,PHO
gilloje01w,30.0,30.0,826.0,376.0,31.0,85.0,116.0,45.0,21.0,29.0,59.0,91.0,316.0,139.0,106.0,79.0,69.0,19.0,1.0,75.0,180.0,1964-06-13,0000-00-00,2,PHO
gilloje01w,32.0,32.0,858.0,395.0,36.0,91.0,127.0,35.0,31.0,19.0,71.0,91.0,355.0,150.0,96.0,71.0,70.0,24.0,1.0,75.0,180.0,1964-06-13,0000-00-00,3,PHO
gilloje01w,31.0,31.0,874.0,473.0,36.0,80.0,116.0,37.0,29.0,21.0,61.0,90.0,400.0,166.0,131.0,105.0,93.0,36.0,0.0,75.0,180.0,1964-06-13,0000-00-00,4,LAS
gilmous01w,,,,,,,,,,,,,,,,,,,,,,,,1,IND
gisseka01w,,,,,,,,,,,,,,,,,,,,,,,,9,LAS
givench01w,,,,,,,,,,,,,,,,,,,,,,,,9,DET
gomisem01w,,,,,,,,,,,,,,,,,,,,,,,,7,NYL
goodsad01w,,,,,,,,,,,,,,,,,,,,,,,,1,UTA
goodsad01w,29.0,28.0,929.0,498.0,69.0,95.0,164.0,69.0,41.0,7.0,81.0,67.0,415.0,199.0,134.0,92.0,29.0,8.0,0.0,72.0,165.0,1966-10-19,0000-00-00,2,UTA
goodsad01w,28.0,25.0,854.0,343.0,66.0,86.0,152.0,58.0,27.0,0.0,75.0,64.0,319.0,138.0,89.0,62.0,31.0,5.0,0.0,72.0,165.0,1966-10-19,0000-00-00,3,UTA
goodsad01w,32.0,32.0,1101.0,503.0,91.0,90.0,181.0,67.0,45.0,6.0,102.0,92.0,419.0,189.0,157.0,117.0,28.0,8.0,0.0,72.0,165.0,1966-10-19,0000-00-00,4,SAS
goodsad01w,33.0,32.0,969.0,371.0,74.0,111.0,185.0,71.0,24.0,6.0,85.0,96.0,357.0,141.0,102.0,81.0,36.0,8.0,2.0,72.0,165.0,1966-10-19,0000-00-00,5,SAS
goodsad01w,34.0,34.0,1068.0,372.0,89.0,146.0,235.0,60.0,28.0,2.0,67.0,77.0,317.0,142.0,102.0,84.0,16.0,4.0,1.0,72.0,165.0,1966-10-19,0000-00-00,6,HOU
goodsad01w,34.0,34.0,1068.0,372.0,89.0,146.0,235.0,60.0,28.0,2.0,67.0,77.0,317.0,142.0,102.0,84.0,16.0,4.0,1.0,72.0,165.0,1966-10-19,0000-00-00,6,CHA
goringi01w,,,,,,,,,,,,,,,,,,,,,,,,8,WAS
gortmsh01w,,,,,,,,,,,,,,,,,,,,,,,,3,MIN
gortmsh01w,29.0,2.0,369.0,91.0,16.0,45.0,61.0,21.0,13.0,6.0,25.0,42.0,97.0,35.0,9.0,7.0,43.0,14.0,0.0,70.0,158.0,1979-12-07,0000-00-00,4,MIN
gortmsh01w,25.0,0.0,200.0,50.0,9.0,23.0,32.0,14.0,11.0,1.0,20.0,25.0,49.0,21.0,4.0,3.0,20.0,5.0,0.0,70.0,158.0,1979-12-07,0000-00-00,5,WAS
gortmsh01w,4.0,0.0,24.0,0.0,0.0,4.0,4.0,2.0,0.0,1.0,2.0,0.0,0.0,0.0,0.0,0.0,0.0,0.0,0.0,70.0,158.0,1979-12-07,0000-00-00,7,SEA
granter01w,,,,,,,,,,,,,,,,,,,,,,,,8,HOU
grecomi01w,,,,,,,,,,,,,,,,,,,,,,,,5,SEA
greenci01w,,,,,,,,,,,,,,,,,,,,,,,,7,SEA
grginve01w,,,,,,,,,,,,,,,,,,,,,,,,1,LAS
grginve01w,18.0,0.0,183.0,49.0,9.0,14.0,23.0,12.0,3.0,1.0,14.0,17.0,62.0,17.0,23.0,14.0,17.0,1.0,0.0,73.0,160.0,1975-01-13,0000-00-00,2,LAS
grginve01w,24.0,7.0,223.0,71.0,13.0,22.0,35.0,12.0,4.0,1.0,15.0,21.0,65.0,28.0,14.0,9.0,19.0,6.0,0.0,73.0,160.0,1975-01-13,0000-00-00,3,LAS
griffyo01w,,,,,,,,,,,,,,,,,,,,,,,,1,SAC
griffyo01w,32.0,32.0,1026.0,523.0,148.0,183.0,331.0,47.0,83.0,61.0,82.0,110.0,361.0,193.0,194.0,137.0,0.0,0.0,1.0,75.0,188.0,1970-03-01,0000-00-00,2,SAC
griffyo01w,32.0,31.0,1077.0,518.0,162.0,195.0,357.0,54.0,63.0,37.0,75.0,114.0,368.0,192.0,186.0,134.0,0.0,0.0,1.0,75.0,188.0,1970-03-01,0000-00-00,3,SAC
griffyo01w,17.0,17.0,577.0,288.0,66.0,82.0,148.0,19.0,16.0,13.0,45.0,70.0,179.0,93.0,127.0,102.0,0.0,0.0,0.0,75.0,188.0,1970-03-01,0000-00-00,4,SAC
griffyo01w,34.0,34.0,1015.0,469.0,92.0,156.0,248.0,46.0,57.0,39.0,75.0,125.0,332.0,161.0,190.0,147.0,2.0,0.0,3.0,75.0,188.0,1970-03-01,0000-00-00,5,SAC
griffyo01w,34.0,34.0,1031.0,494.0,122.0,124.0,246.0,42.0,75.0,41.0,59.0,99.0,341.0,177.0,186.0,140.0,1.0,0.0,2.0,75.0,188.0,1970-03-01,0000-00-00,6,SAC
griffyo01w,34.0,33.0,962.0,469.0,87.0,136.0,223.0,52.0,42.0,31.0,68.0,98.0,357.0,173.0,174.0,123.0,0.0,0.0,0.0,75.0,188.0,1970-03-01,0000-00-00,7,SAC
griffyo01w,34.0,34.0,854.0,407.0,87.0,132.0,219.0,56.0,44.0,16.0,66.0,74.0,293.0,134.0,185.0,139.0,1.0,0.0,0.0,75.0,188.0,1970-03-01,0000-00-00,8,SAC
griffyo01w,32.0,32.0,738.0,289.0,63.0,84.0,147.0,47.0,33.0,12.0,65.0,97.0,213.0,107.0,114.0,75.0,0.0,0.0,1.0,75.0,188.0,1970-03-01,0000-00-00,9,SEA
griffyo01w,30.0,30.0,658.0,217.0,77.0,112.0,189.0,45.0,43.0,17.0,51.0,110.0,145.0,67.0,128.0,83.0,0.0,0.0,1.0,75.0,188.0,1970-03-01,0000-00-00,10,IND
groomla01w,,,,,,,,,,,,,,,,,,,,,,,,1,SAC
groomla01w,30.0,3.0,401.0,124.0,27.0,17.0,44.0,13.0,10.0,3.0,21.0,27.0,88.0,39.0,61.0,46.0,1.0,0.0,0.0,70.0,160.0,1970-09-12,0000-00-00,2,SAC
groomla01w,31.0,0.0,543.0,141.0,32.0,46.0,78.0,38.0,15.0,10.0,25.0,43.0,114.0,49.0,58.0,43.0,0.0,0.0,0.0,70.0,160.0,1970-09-12,0000-00-00,3,SAC
groomla01w,32.0,26.0,850.0,227.0,38.0,61.0,99.0,39.0,21.0,8.0,46.0,69.0,181.0,78.0,83.0,71.0,1.0,0.0,0.0,70.0,160.0,1970-09-12,0000-00-00,4,SAC
groomla01w,34.0,9.0,470.0,111.0,15.0,31.0,46.0,29.0,17.0,5.0,21.0,27.0,112.0,45.0,26.0,21.0,1.0,0.0,0.0,70.0,160.0,1970-09-12,0000-00-00,5,SAC
grubigo01w,,,,,,,,,,,,,,,,,,,,,,,,1,IND
grubigo01w,29.0,20.0,720.0,239.0,20.0,56.0,76.0,63.0,31.0,0.0,60.0,47.0,239.0,90.0,40.0,31.0,91.0,28.0,0.0,71.0,165.0,1972-08-20,0000-00-00,2,IND
grubigo01w,27.0,9.0,481.0,170.0,18.0,31.0,49.0,33.0,7.0,0.0,34.0,30.0,167.0,62.0,39.0,29.0,58.0,17.0,0.0,71.0,165.0,1972-08-20,0000-00-00,3,PHO
grubigo01w,32.0,31.0,859.0,317.0,16.0,48.0,64.0,104.0,36.0,3.0,58.0,59.0,297.0,114.0,79.0,60.0,92.0,29.0,0.0,71.0,165.0,1972-08-20,0000-00-00,5,HOU
grubigo01w,5.0,0.0,24.0,2.0,0.0,1.0,1.0,0.0,0.0,0.0,3.0,2.0,3.0,0.0,2.0,2.0,0.0,0.0,0.0,71.0,165.0,1972-08-20,0000-00-00,6,LAS
grudasa01w,,,,,,,,,,,,,,,,,,,,,,,,9,CON
grudasa01w,31.0,1.0,476.0,193.0,44.0,66.0,110.0,28.0,19.0,26.0,41.0,56.0,178.0,81.0,57.0,31.0,0.0,0.0,0.0,76.0,185.0,1987-06-25,0000-00-00,10,CON
hairska01w,,,,,,,,,,,,,,,,,,,,,,,,8,CON
hallam01w,,,,,,,,,,,,,,,,,,,,,,,,3,POR
hallvi01w,,,,,,,,,,,,,,,,,,,,,,,,1,CLE
hallvi01w,32.0,10.0,577.0,150.0,24.0,68.0,92.0,24.0,17.0,8.0,25.0,60.0,158.0,59.0,34.0,22.0,42.0,10.0,0.0,73.0,180.0,1969-10-03,0000-00-00,2,CLE
hallvi01w,32.0,10.0,577.0,150.0,24.0,68.0,92.0,24.0,17.0,8.0,25.0,60.0,158.0,59.0,34.0,22.0,42.0,10.0,0.0,73.0,180.0,1969-10-03,0000-00-00,2,IND
hallvi01w,27.0,6.0,348.0,101.0,15.0,34.0,49.0,13.0,5.0,5.0,18.0,33.0,100.0,41.0,22.0,12.0,25.0,7.0,0.0,73.0,180.0,1969-10-03,0000-00-00,3,LAS
hammobe01w,,,,,,,,,,,,,,,,,,,,,,,,1,NYL
hammobe01w,32.0,16.0,835.0,351.0,19.0,45.0,64.0,58.0,29.0,1.0,62.0,55.0,252.0,119.0,69.0,61.0,141.0,52.0,0.0,66.0,136.0,1977-03-11,0000-00-00,2,NYL
hammobe01w,32.0,0.0,619.0,262.0,10.0,42.0,52.0,51.0,27.0,1.0,48.0,46.0,197.0,90.0,51.0,40.0,111.0,42.0,0.0,66.0,136.0,1977-03-11,0000-00-00,3,NYL
hammobe01w,32.0,1.0,659.0,256.0,18.0,50.0,68.0,54.0,25.0,0.0,55.0,49.0,197.0,87.0,56.0,38.0,114.0,44.0,0.0,66.0,136.0,1977-03-11,0000-00-00,4,NYL
hammobe01w,11.0,2.0,257.0,162.0,1.0,20.0,21.0,18.0,10.0,1.0,27.0,13.0,87.0,50.0,41.0,39.0,49.0,23.0,0.0,66.0,136.0,1977-03-11,0000-00-00,5,NYL
hammobe01w,34.0,34.0,1130.0,460.0,17.0,101.0,118.0,150.0,58.0,2.0,118.0,73.0,354.0,153.0,116.0,97.0,170.0,57.0,0.0,66.0,136.0,1977-03-11,0000-00-00,6,NYL
hammobe01w,34.0,34.0,1180.0,473.0,20.0,94.0,114.0,146.0,60.0,2.0,107.0,77.0,336.0,145.0,131.0,118.0,178.0,65.0,0.0,66.0,136.0,1977-03-11,0000-00-00,7,NYL
hammobe01w,22.0,20.0,674.0,323.0,6.0,60.0,66.0,81.0,29.0,3.0,65.0,46.0,252.0,107.0,75.0,72.0,108.0,37.0,0.0,66.0,136.0,1977-03-11,0000-00-00,8,SAS
hammobe01w,28.0,27.0,934.0,527.0,8.0,69.0,77.0,140.0,23.0,5.0,114.0,51.0,402.0,179.0,102.0,95.0,183.0,74.0,0.0,66.0,136.0,1977-03-11,0000-00-00,9,SAS
hammobe01w,33.0,33.0,1101.0,582.0,13.0,78.0,91.0,161.0,43.0,7.0,104.0,60.0,438.0,171.0,174.0,163.0,220.0,77.0,0.0,66.0,136.0,1977-03-11,0000-00-00,10,SAS
hamzoro01w,,,,,,,,,,,,,,,,,,,,,,,,1,ORL
hardili01w,,,,,,,,,,,,,,,,,,,,,,,,8,MIN
hardili01w,20.0,20.0,602.0,233.0,15.0,72.0,87.0,78.0,20.0,6.0,47.0,44.0,243.0,86.0,78.0,53.0,35.0,8.0,0.0,68.0,139.0,1984-06-12,0000-00-00,9,MIN
hardili01w,24.0,11.0,591.0,154.0,9.0,47.0,56.0,76.0,27.0,4.0,55.0,56.0,139.0,51.0,72.0,50.0,25.0,2.0,2.0,68.0,139.0,1984-06-12,0000-00-00,10,WAS
harpela01w,,,,,,,,,,,,,,,,,,,,,,,,9,SAC
harpela01w,34.0,1.0,560.0,188.0,68.0,69.0,137.0,12.0,15.0,20.0,48.0,80.0,135.0,64.0,103.0,60.0,0.0,0.0,0.0,77.0,190.0,1986-04-11,0000-00-00,10,SAC
harrido01w,,,,,,,,,,,,,,,,,,,,,,,,1,IND
harrili01w,,,,,,,,,,,,,,,,,,,,,,,,1,PHO
harrili01w,31.0,20.0,750.0,200.0,38.0,83.0,121.0,36.0,30.0,4.0,22.0,62.0,154.0,81.0,37.0,30.0,12.0,8.0,0.0,73.0,164.0,1971-01-02,0000-00-00,2,PHO
harrili01w,32.0,32.0,915.0,246.0,39.0,100.0,139.0,52.0,39.0,1.0,49.0,58.0,223.0,96.0,59.0,51.0,9.0,3.0,0.0,73.0,164.0,1971-01-02,0000-00-00,3,PHO
harrili01w,32.0,28.0,899.0,262.0,43.0,83.0,126.0,40.0,31.0,3.0,45.0,62.0,242.0,120.0,23.0,20.0,6.0,2.0,0.0,73.0,164.0,1971-01-02,0000-00-00,4,PHO
harrili01w,33.0,33.0,838.0,183.0,42.0,76.0,118.0,36.0,29.0,6.0,34.0,58.0,179.0,74.0,51.0,35.0,3.0,0.0,0.0,73.0,164.0,1971-01-02,0000-00-00,6,PHO
harrokr01w,,,,,,,,,,,,,,,,,,,,,,,,2,MIN
harrokr01w,4.0,1.0,72.0,21.0,1.0,3.0,4.0,11.0,3.0,0.0,3.0,4.0,15.0,7.0,4.0,4.0,6.0,3.0,0.0,64.0,139.0,1975-03-04,0000-00-00,3,MIN
harrokr01w,27.0,6.0,481.0,96.0,9.0,37.0,46.0,54.0,12.0,0.0,28.0,24.0,95.0,37.0,10.0,4.0,54.0,18.0,0.0,64.0,139.0,1975-03-04,0000-00-00,4,MIN
harrokr01w,31.0,0.0,499.0,88.0,9.0,30.0,39.0,72.0,18.0,3.0,39.0,15.0,87.0,32.0,13.0,8.0,43.0,16.0,0.0,64.0,139.0,1975-03-04,0000-00-00,6,MIN
harrokr01w,34.0,34.0,832.0,156.0,11.0,71.0,82.0,96.0,38.0,1.0,54.0,37.0,151.0,53.0,36.0,28.0,68.0,22.0,0.0,64.0,139.0,1975-03-04,0000-00-00,10,LAS
haydeva01w,,,,,,,,,,,,,,,,,,,,,,,,5,MIN
haydeva01w,29.0,1.0,350.0,153.0,23.0,61.0,84.0,7.0,7.0,29.0,34.0,65.0,159.0,66.0,38.0,21.0,0.0,0.0,0.0,76.0,240.0,1982-06-05,0000-00-00,6,MIN
haydeva01w,31.0,25.0,595.0,246.0,48.0,115.0,163.0,23.0,15.0,68.0,63.0,110.0,238.0,103.0,72.0,40.0,0.0,0.0,2.0,76.0,240.0,1982-06-05,0000-00-00,7,MIN
haydeva01w,33.0,3.0,424.0,177.0,41.0,74.0,115.0,19.0,6.0,44.0,44.0,118.0,169.0,68.0,66.0,41.0,0.0,0.0,2.0,76.0,240.0,1982-06-05,0000-00-00,9,MIN
haydeva01w,30.0,0.0,304.0,157.0,42.0,63.0,105.0,12.0,14.0,14.0,26.0,82.0,146.0,65.0,44.0,27.0,0.0,0.0,2.0,76.0,240.0,1982-06-05,0000-00-00,10,LAS
haynikr01w,,,,,,,,,,,,,,,,,,,,,,,,6,SAC
haynikr01w,30.0,0.0,434.0,104.0,19.0,43.0,62.0,43.0,33.0,1.0,35.0,41.0,117.0,40.0,23.0,19.0,32.0,5.0,0.0,69.0,147.0,1983-06-17,0000-00-00,7,SAC
haynikr01w,34.0,0.0,476.0,140.0,20.0,47.0,67.0,68.0,27.0,2.0,46.0,50.0,151.0,55.0,25.0,21.0,30.0,9.0,0.0,69.0,147.0,1983-06-17,0000-00-00,8,SAC
haynikr01w,34.0,2.0,545.0,126.0,8.0,29.0,37.0,70.0,18.0,6.0,68.0,43.0,136.0,48.0,10.0,8.0,45.0,22.0,0.0,69.0,147.0,1983-06-17,0000-00-00,9,ATL
haynikr01w,33.0,3.0,486.0,94.0,15.0,41.0,56.0,82.0,30.0,4.0,47.0,41.0,95.0,30.0,32.0,24.0,32.0,10.0,0.0,69.0,147.0,1983-06-17,0000-00-00,10,DET
haynikr01w,33.0,3.0,486.0,94.0,15.0,41.0,56.0,82.0,30.0,4.0,47.0,41.0,95.0,30.0,32.0,24.0,32.0,10.0,0.0,69.0,147.0,1983-06-17,0000-00-00,10,SAC
headde01w,,,,,,,,,,,,,,,,,,,,,,,,1,PHO
hendene01w,,,,,,,,,,,,,,,,,,,,,,,,2,HOU
hendetr01w,,,,,,,,,,,,,,,,,,,,,,,,3,CLE
hendetr01w,23.0,0.0,173.0,35.0,12.0,22.0,34.0,3.0,3.0,7.0,18.0,26.0,41.0,16.0,3.0,3.0,0.0,0.0,1.0,75.0,200.0,1974-12-31,0000-00-00,4,CLE
henniso01w,,,,,,,,,,,,,,,,,,,,,,,,1,SEA
henniso01w,32.0,32.0,980.0,168.0,22.0,64.0,86.0,79.0,61.0,3.0,54.0,73.0,151.0,53.0,61.0,37.0,66.0,25.0,1.0,67.0,143.0,1969-10-04,0000-00-00,2,SEA
henniso01w,32.0,28.0,902.0,108.0,14.0,57.0,71.0,93.0,52.0,6.0,43.0,62.0,129.0,41.0,35.0,18.0,44.0,8.0,2.0,67.0,143.0,1969-10-04,0000-00-00,3,SEA
henniso01w,32.0,28.0,902.0,108.0,14.0,57.0,71.0,93.0,52.0,6.0,43.0,62.0,129.0,41.0,35.0,18.0,44.0,8.0,2.0,67.0,143.0,1969-10-04,0000-00-00,3,HOU
henniso01w,31.0,15.0,728.0,62.0,18.0,66.0,84.0,66.0,32.0,7.0,43.0,57.0,74.0,26.0,15.0,7.0,16.0,3.0,0.0,67.0,143.0,1969-10-04,0000-00-00,4,WAS
henniso01w,31.0,15.0,728.0,62.0,18.0,66.0,84.0,66.0,32.0,7.0,43.0,57.0,74.0,26.0,15.0,7.0,16.0,3.0,0.0,67.0,143.0,1969-10-04,0000-00-00,4,IND
herriam01w,,,,,,,,,,,,,,,,,,,,,,,,1,UTA
herriam01w,25.0,0.0,341.0,91.0,26.0,33.0,59.0,20.0,7.0,5.0,29.0,41.0,75.0,36.0,31.0,19.0,1.0,0.0,1.0,76.0,189.0,1977-06-06,0000-00-00,2,UTA
herriam01w,32.0,1.0,448.0,121.0,23.0,58.0,81.0,14.0,8.0,14.0,35.0,47.0,93.0,43.0,46.0,35.0,0.0,0.0,0.0,76.0,189.0,1977-06-06,0000-00-00,3,UTA
hibbeka01w,,,,,,,,,,,,,,,,,,,,,,,,1,SEA
hicksje01w,,,,,,,,,,,,,,,,,,,,,,,,1,ORL
hicksje01w,26.0,1.0,157.0,38.0,13.0,13.0,26.0,4.0,2.0,7.0,17.0,33.0,23.0,10.0,29.0,18.0,0.0,0.0,0.0,76.0,188.0,1971-12-02,0000-00-00,2,ORL
hicksje01w,32.0,5.0,456.0,169.0,38.0,54.0,92.0,22.0,23.0,17.0,53.0,85.0,162.0,63.0,66.0,43.0,0.0,0.0,0.0,76.0,188.0,1971-12-02,0000-00-00,3,ORL
hicksje01w,31.0,6.0,471.0,190.0,60.0,42.0,102.0,23.0,19.0,25.0,51.0,77.0,153.0,73.0,63.0,44.0,0.0,0.0,1.0,76.0,188.0,1971-12-02,0000-00-00,4,CON
hicksje01w,27.0,0.0,253.0,98.0,23.0,25.0,48.0,6.0,11.0,9.0,26.0,47.0,80.0,37.0,25.0,24.0,0.0,0.0,0.0,76.0,188.0,1971-12-02,0000-00-00,5,SAS
hillec01w,,,,,,,,,,,,,,,,,,,,,,,,1,CHA
hillec01w,26.0,0.0,213.0,39.0,8.0,15.0,23.0,14.0,5.0,1.0,25.0,33.0,56.0,16.0,5.0,2.0,22.0,5.0,0.0,67.0,173.0,1971-04-06,0000-00-00,2,PHO
hledeko01w,,,,,,,,,,,,,,,,,,,,,,,,1,UTA
hledeko01w,31.0,31.0,867.0,312.0,25.0,68.0,93.0,92.0,38.0,4.0,76.0,84.0,260.0,118.0,70.0,51.0,58.0,25.0,1.0,69.0,150.0,1975-03-29,0000-00-00,2,UTA
hledeko01w,27.0,10.0,455.0,151.0,15.0,25.0,40.0,43.0,25.0,1.0,42.0,56.0,141.0,55.0,38.0,33.0,23.0,8.0,0.0,69.0,150.0,1975-03-29,0000-00-00,3,NYL
hodgedo01w,,,,,,,,,,,,,,,,,,,,,,,,5,LAS
hodgedo01w,24.0,3.0,245.0,43.0,3.0,19.0,22.0,16.0,10.0,2.0,17.0,9.0,52.0,16.0,10.0,7.0,17.0,4.0,0.0,69.0,160.0,1982-07-19,0000-00-00,6,LAS
hodgedo01w,32.0,11.0,669.0,178.0,8.0,39.0,47.0,77.0,18.0,7.0,48.0,35.0,157.0,65.0,25.0,17.0,69.0,31.0,0.0,69.0,160.0,1982-07-19,0000-00-00,7,LAS
hodgedo01w,34.0,3.0,456.0,131.0,9.0,33.0,42.0,66.0,14.0,4.0,43.0,26.0,144.0,46.0,23.0,21.0,61.0,18.0,0.0,69.0,160.0,1982-07-19,0000-00-00,8,SEA
hodgedo01w,6.0,0.0,33.0,10.0,0.0,2.0,2.0,6.0,1.0,0.0,5.0,2.0,13.0,4.0,2.0,2.0,3.0,0.0,0.0,69.0,160.0,1982-07-19,0000-00-00,9,IND
hodgero01w,,,,,,,,,,,,,,,,,,,,,,,,6,HOU
hodgero01w,26.0,0.0,188.0,33.0,9.0,8.0,17.0,7.0,3.0,0.0,3.0,8.0,47.0,13.0,2.0,2.0,26.0,5.0,0.0,71.0,165.0,1982-07-19,0000-00-00,7,HOU
hodgero01w,33.0,8.0,698.0,247.0,11.0,54.0,65.0,32.0,16.0,4.0,36.0,40.0,217.0,87.0,39.0,29.0,120.0,44.0,0.0,71.0,165.0,1982-07-19,0000-00-00,8,HOU
hodgero01w,29.0,4.0,331.0,102.0,8.0,22.0,30.0,27.0,13.0,0.0,20.0,21.0,111.0,31.0,22.0,20.0,67.0,20.0,0.0,71.0,165.0,1982-07-19,0000-00-00,9,HOU
hodgero01w,15.0,6.0,274.0,110.0,5.0,25.0,30.0,19.0,5.0,2.0,10.0,11.0,98.0,41.0,2.0,2.0,71.0,26.0,0.0,71.0,165.0,1982-07-19,0000-00-00,10,MIN
hoffmeb01w,,,,,,,,,,,,,,,,,,,,,,,,5,IND
hoffmeb01w,30.0,13.0,334.0,60.0,34.0,53.0,87.0,21.0,15.0,5.0,27.0,51.0,83.0,26.0,4.0,3.0,17.0,5.0,1.0,74.0,215.0,1982-08-27,0000-00-00,6,IND
hoffmeb01w,33.0,0.0,497.0,120.0,34.0,63.0,97.0,16.0,21.0,10.0,23.0,59.0,116.0,47.0,30.0,25.0,2.0,1.0,0.0,74.0,215.0,1982-08-27,0000-00-00,7,IND
hoffmeb01w,34.0,33.0,851.0,218.0,73.0,120.0,193.0,46.0,37.0,16.0,73.0,104.0,208.0,82.0,70.0,54.0,8.0,0.0,1.0,74.0,215.0,1982-08-27,0000-00-00,8,IND
hoffmeb01w,34.0,10.0,582.0,144.0,40.0,97.0,137.0,26.0,21.0,18.0,41.0,69.0,128.0,57.0,34.0,28.0,5.0,2.0,0.0,74.0,215.0,1982-08-27,0000-00-00,9,IND
hoffmeb01w,33.0,33.0,1013.0,342.0,94.0,164.0,258.0,61.0,47.0,26.0,79.0,121.0,303.0,141.0,41.0,34.0,57.0,26.0,3.0,74.0,215.0,1982-08-27,0000-00-00,10,IND
holdsch01w,,,,,,,,,,,,,,,,,,,,,,,,1,WAS
holdsch01w,32.0,32.0,1131.0,561.0,57.0,183.0,240.0,80.0,47.0,18.0,93.0,74.0,499.0,232.0,128.0,87.0,39.0,10.0,0.0,74.0,172.0,1977-08-09,0000-00-00,2,WAS
holdsch01w,29.0,29.0,975.0,486.0,72.0,184.0,256.0,66.0,44.0,14.0,94.0,49.0,467.0,187.0,148.0,101.0,46.0,11.0,0.0,74.0,172.0,1977-08-09,0000-00-00,3,WAS
holdsch01w,20.0,20.0,634.0,397.0,54.0,178.0,232.0,45.0,20.0,6.0,45.0,50.0,330.0,149.0,106.0,88.0,28.0,11.0,0.0,74.0,172.0,1977-08-09,0000-00-00,4,WAS
holdsch01w,27.0,27.0,948.0,554.0,72.0,222.0,294.0,89.0,34.0,15.0,72.0,74.0,480.0,204.0,155.0,140.0,35.0,6.0,0.0,74.0,172.0,1977-08-09,0000-00-00,5,WAS
holdsch01w,23.0,22.0,801.0,437.0,51.0,140.0,191.0,56.0,39.0,18.0,57.0,67.0,403.0,162.0,132.0,106.0,17.0,7.0,0.0,74.0,172.0,1977-08-09,0000-00-00,6,LAS
holdsch01w,33.0,33.0,1183.0,561.0,86.0,137.0,223.0,104.0,38.0,16.0,99.0,94.0,450.0,216.0,160.0,126.0,13.0,3.0,2.0,74.0,172.0,1977-08-09,0000-00-00,7,LAS
holdsch01w,25.0,0.0,739.0,375.0,57.0,95.0,152.0,56.0,34.0,9.0,57.0,58.0,315.0,148.0,86.0,76.0,15.0,3.0,0.0,74.0,172.0,1977-08-09,0000-00-00,8,LAS
holdsch01w,5.0,5.0,150.0,79.0,9.0,19.0,28.0,15.0,6.0,3.0,26.0,14.0,63.0,31.0,18.0,15.0,3.0,2.0,0.0,74.0,172.0,1977-08-09,0000-00-00,10,ATL
hollake01w,,,,,,,,,,,,,,,,,,,,,,,,1,SAC
hollake01w,32.0,32.0,934.0,312.0,28.0,42.0,70.0,81.0,43.0,5.0,74.0,63.0,253.0,111.0,66.0,46.0,122.0,44.0,1.0,68.0,129.0,1974-11-05,0000-00-00,2,SAC
hollake01w,32.0,32.0,874.0,322.0,33.0,42.0,75.0,69.0,56.0,5.0,66.0,62.0,251.0,111.0,60.0,41.0,150.0,59.0,0.0,68.0,129.0,1974-11-05,0000-00-00,3,SAC
hollake01w,32.0,32.0,902.0,296.0,28.0,62.0,90.0,63.0,41.0,5.0,81.0,74.0,299.0,102.0,72.0,54.0,157.0,38.0,1.0,68.0,129.0,1974-11-05,0000-00-00,4,DET
hollake01w,34.0,2.0,694.0,312.0,12.0,45.0,57.0,63.0,36.0,3.0,59.0,26.0,232.0,107.0,63.0,48.0,124.0,50.0,0.0,68.0,129.0,1974-11-05,0000-00-00,5,HOU
hollake01w,27.0,21.0,703.0,177.0,19.0,47.0,66.0,53.0,40.0,3.0,47.0,51.0,159.0,59.0,41.0,28.0,97.0,31.0,0.0,68.0,129.0,1974-11-05,0000-00-00,7,DET
holliqu01w,,,,,,,,,,,,,,,,,,,,,,,,10,MIN
holmejo01w,,,,,,,,,,,,,,,,,,,,,,,,1,DET
holmese01w,,,,,,,,,,,,,,,,,,,,,,,,9,HOU
holtam01w,,,,,,,,,,,,,,,,,,,,,,,,9,CON
holtam01w,34.0,34.0,714.0,222.0,37.0,68.0,105.0,65.0,15.0,5.0,31.0,67.0,199.0,81.0,45.0,35.0,76.0,25.0,0.0,72.0,168.0,1985-06-07,0000-00-00,10,CON
hopeky01w,,,,,,,,,,,,,,,,,,,,,,,,1,UTA
hornbal01w,,,,,,,,,,,,,,,,,,,,,,,,9,DET
hornbal01w,34.0,0.0,747.0,184.0,53.0,85.0,138.0,71.0,79.0,10.0,49.0,97.0,178.0,63.0,66.0,42.0,45.0,16.0,1.0,71.0,155.0,1985-10-16,0000-00-00,10,DET
houstch01w,,,,,,,,,,,,,,,,,,,,,,,,9,MIN
houstch01w,33.0,0.0,581.0,292.0,27.0,95.0,122.0,28.0,30.0,13.0,55.0,70.0,236.0,116.0,81.0,60.0,0.0,0.0,0.0,72.0,189.0,1986-04-10,0000-00-00,10,MIN
humphta01w,,,,,,,,,,,,,,,,,,,,,,,,9,DET
humphta01w,,,,,,,,,,,,,,,,,,,,,,,,9,WAS
humphta01w,30.0,23.0,509.0,249.0,35.0,77.0,112.0,31.0,17.0,8.0,45.0,91.0,206.0,96.0,39.0,31.0,68.0,26.0,2.0,75.0,190.0,1985-12-29,0000-00-00,10,WAS
humphta01w,30.0,23.0,509.0,249.0,35.0,77.0,112.0,31.0,17.0,8.0,45.0,91.0,206.0,96.0,39.0,31.0,68.0,26.0,2.0,75.0,190.0,1985-12-29,0000-00-00,10,MIN
irvinsa01w,,,,,,,,,,,,,,,,,,,,,,,,6,PHO
irvinsa01w,12.0,0.0,122.0,44.0,16.0,18.0,34.0,5.0,5.0,6.0,2.0,20.0,44.0,14.0,15.0,12.0,8.0,4.0,0.0,75.0,185.0,1982-02-23,0000-00-00,7,PHO
irvinsa01w,7.0,0.0,38.0,7.0,2.0,8.0,10.0,1.0,2.0,8.0,3.0,5.0,13.0,2.0,5.0,3.0,3.0,0.0,0.0,75.0,185.0,1982-02-23,0000-00-00,8,SAS
irvinsa01w,23.0,0.0,128.0,27.0,16.0,24.0,40.0,7.0,3.0,10.0,11.0,20.0,42.0,13.0,2.0,1.0,4.0,0.0,0.0,75.0,185.0,1982-02-23,0000-00-00,9,SAS
ivanyda01w,,,,,,,,,,,,,,,,,,,,,,,,1,UTA
ivanyda01w,27.0,16.0,489.0,93.0,12.0,42.0,54.0,63.0,25.0,3.0,50.0,67.0,96.0,30.0,28.0,21.0,43.0,12.0,0.0,70.0,135.0,1976-03-18,0000-00-00,4,PHO
ivanyda01w,4.0,0.0,34.0,6.0,2.0,2.0,4.0,2.0,0.0,1.0,2.0,4.0,8.0,3.0,0.0,0.0,2.0,0.0,0.0,70.0,135.0,1976-03-18,0000-00-00,6,SAS
ivanyda01w,30.0,14.0,577.0,75.0,5.0,45.0,50.0,68.0,26.0,0.0,53.0,48.0,67.0,25.0,8.0,5.0,45.0,20.0,0.0,70.0,135.0,1976-03-18,0000-00-00,7,SAS
iveyni01w,,,,,,,,,,,,,,,,,,,,,,,,2,IND
iveyni01w,32.0,26.0,708.0,115.0,16.0,39.0,55.0,70.0,33.0,5.0,35.0,51.0,102.0,38.0,15.0,14.0,70.0,25.0,0.0,67.0,149.0,1977-09-24,0000-00-00,3,IND
iveyni01w,31.0,23.0,439.0,86.0,6.0,22.0,28.0,39.0,16.0,3.0,22.0,31.0,71.0,25.0,21.0,17.0,50.0,19.0,0.0,67.0,149.0,1977-09-24,0000-00-00,4,IND
iveyni01w,27.0,21.0,651.0,135.0,5.0,27.0,32.0,71.0,29.0,7.0,28.0,40.0,116.0,45.0,17.0,12.0,84.0,33.0,0.0,67.0,149.0,1977-09-24,0000-00-00,5,IND
iveyni01w,15.0,1.0,179.0,34.0,2.0,8.0,10.0,18.0,4.0,3.0,6.0,20.0,37.0,11.0,6.0,4.0,24.0,8.0,0.0,67.0,149.0,1977-09-24,0000-00-00,6,DET
iveyni01w,15.0,1.0,179.0,34.0,2.0,8.0,10.0,18.0,4.0,3.0,6.0,20.0,37.0,11.0,6.0,4.0,24.0,8.0,0.0,67.0,149.0,1977-09-24,0000-00-00,6,PHO
jacksde01w,,,,,,,,,,,,,,,,,,,,,,,,3,CLE
jacksde01w,18.0,0.0,143.0,55.0,10.0,17.0,27.0,6.0,2.0,1.0,9.0,11.0,46.0,19.0,24.0,17.0,3.0,0.0,0.0,74.0,155.0,1979-12-15,0000-00-00,4,CLE
jacksde01w,34.0,22.0,763.0,245.0,37.0,52.0,89.0,51.0,20.0,13.0,33.0,92.0,198.0,83.0,70.0,50.0,70.0,29.0,1.0,74.0,155.0,1979-12-15,0000-00-00,5,IND
jacksde01w,34.0,32.0,804.0,236.0,57.0,56.0,113.0,53.0,29.0,6.0,52.0,82.0,251.0,92.0,73.0,52.0,12.0,0.0,3.0,74.0,155.0,1979-12-15,0000-00-00,6,IND
jacksde01w,34.0,0.0,472.0,162.0,37.0,40.0,77.0,23.0,17.0,12.0,32.0,55.0,139.0,56.0,68.0,50.0,3.0,0.0,0.0,74.0,155.0,1979-12-15,0000-00-00,7,CHI
jacksgw01w,,,,,,,,,,,,,,,,,,,,,,,,4,SAS
jacksgw01w,33.0,26.0,975.0,289.0,86.0,119.0,205.0,20.0,15.0,17.0,46.0,85.0,286.0,114.0,88.0,56.0,30.0,5.0,1.0,75.0,182.0,1980-10-23,0000-00-00,5,SAS
jacksgw01w,33.0,26.0,975.0,289.0,86.0,119.0,205.0,20.0,15.0,17.0,46.0,85.0,286.0,114.0,88.0,56.0,30.0,5.0,1.0,75.0,182.0,1980-10-23,0000-00-00,5,PHO
jacksgw01w,33.0,4.0,426.0,117.0,31.0,50.0,81.0,15.0,6.0,4.0,15.0,34.0,93.0,46.0,32.0,24.0,6.0,1.0,0.0,75.0,182.0,1980-10-23,0000-00-00,6,PHO
jacksla01w,,,,,,,,,,,,,,,,,,,,,,,,2,SEA
jacksla01w,29.0,29.0,1001.0,442.0,57.0,136.0,193.0,44.0,54.0,64.0,53.0,97.0,406.0,149.0,143.0,104.0,129.0,40.0,3.0,77.0,187.0,1981-05-11,0000-00-00,3,SEA
jacksla01w,28.0,28.0,882.0,482.0,66.0,124.0,190.0,41.0,30.0,81.0,47.0,95.0,462.0,186.0,90.0,68.0,120.0,42.0,1.0,77.0,187.0,1981-05-11,0000-00-00,4,SEA
jacksla01w,33.0,33.0,1109.0,698.0,82.0,225.0,307.0,62.0,38.0,64.0,69.0,106.0,526.0,254.0,183.0,151.0,123.0,39.0,1.0,77.0,187.0,1981-05-11,0000-00-00,5,SEA
jacksla01w,31.0,31.0,1070.0,634.0,64.0,143.0,207.0,51.0,31.0,62.0,67.0,93.0,460.0,220.0,175.0,142.0,115.0,52.0,0.0,77.0,187.0,1981-05-11,0000-00-00,6,SEA
jacksla01w,34.0,34.0,1176.0,597.0,96.0,217.0,313.0,57.0,36.0,67.0,59.0,100.0,450.0,206.0,181.0,151.0,118.0,34.0,2.0,77.0,187.0,1981-05-11,0000-00-00,7,SEA
jacksla01w,30.0,30.0,848.0,585.0,70.0,160.0,230.0,48.0,24.0,51.0,40.0,90.0,361.0,193.0,189.0,170.0,77.0,29.0,1.0,77.0,187.0,1981-05-11,0000-00-00,8,SEA
jacksla01w,31.0,31.0,1020.0,739.0,80.0,220.0,300.0,40.0,31.0,63.0,56.0,93.0,497.0,258.0,197.0,174.0,122.0,49.0,1.0,77.0,187.0,1981-05-11,0000-00-00,9,SEA
jacksla01w,21.0,21.0,694.0,425.0,39.0,108.0,147.0,26.0,31.0,33.0,40.0,67.0,330.0,149.0,106.0,99.0,95.0,28.0,0.0,77.0,187.0,1981-05-11,0000-00-00,10,SEA
jacksta01w,,,,,,,,,,,,,,,,,,,,,,,,1,HOU
jacksta01w,29.0,1.0,339.0,76.0,18.0,43.0,61.0,11.0,12.0,9.0,24.0,62.0,61.0,35.0,11.0,6.0,0.0,0.0,0.0,75.0,179.0,1962-12-03,0000-00-00,2,HOU
jacksta01w,32.0,4.0,442.0,104.0,40.0,51.0,91.0,21.0,22.0,11.0,29.0,53.0,86.0,43.0,40.0,18.0,0.0,0.0,0.0,75.0,179.0,1962-12-03,0000-00-00,3,HOU
jacksta02w,,,,,,,,,,,,,,,,,,,,,,,,1,DET
jacksta02w,17.0,0.0,267.0,116.0,8.0,17.0,25.0,36.0,22.0,0.0,21.0,30.0,106.0,41.0,35.0,26.0,32.0,8.0,0.0,66.0,118.0,1978-04-22,0000-00-00,2,POR
jacksta02w,32.0,1.0,497.0,132.0,10.0,34.0,44.0,50.0,28.0,0.0,45.0,35.0,169.0,55.0,23.0,16.0,39.0,6.0,0.0,66.0,118.0,1978-04-22,0000-00-00,3,POR
jacksta02w,32.0,10.0,692.0,314.0,20.0,39.0,59.0,95.0,55.0,1.0,64.0,59.0,291.0,122.0,66.0,46.0,76.0,24.0,0.0,66.0,118.0,1978-04-22,0000-00-00,4,PHO
jacksta02w,34.0,34.0,958.0,300.0,24.0,58.0,82.0,146.0,52.0,4.0,76.0,62.0,361.0,124.0,21.0,17.0,99.0,35.0,0.0,66.0,118.0,1978-04-22,0000-00-00,5,WAS
jacksta02w,25.0,12.0,405.0,135.0,7.0,30.0,37.0,45.0,20.0,1.0,28.0,21.0,135.0,57.0,16.0,11.0,25.0,10.0,0.0,66.0,118.0,1978-04-22,0000-00-00,6,WAS
jacksta02w,8.0,0.0,66.0,9.0,1.0,5.0,6.0,10.0,5.0,0.0,4.0,5.0,26.0,4.0,2.0,0.0,9.0,1.0,0.0,66.0,118.0,1978-04-22,0000-00-00,7,PHO
jacksti02w,,,,,,,,,,,,,,,,,,,,,,,,8,NYL
jacksti02w,34.0,0.0,474.0,173.0,31.0,73.0,104.0,19.0,23.0,12.0,49.0,66.0,154.0,64.0,79.0,45.0,0.0,0.0,0.0,75.0,185.0,1985-04-26,0000-00-00,9,NYL
jacksti02w,25.0,0.0,496.0,208.0,47.0,96.0,143.0,26.0,24.0,8.0,48.0,46.0,157.0,81.0,73.0,46.0,0.0,0.0,0.0,75.0,185.0,1985-04-26,0000-00-00,10,NYL
jacobam01w,,,,,,,,,,,,,,,,,,,,,,,,5,MIN
jacobam01w,32.0,0.0,391.0,101.0,3.0,33.0,36.0,47.0,13.0,0.0,45.0,36.0,100.0,31.0,22.0,20.0,60.0,19.0,0.0,68.0,152.0,1982-06-29,0000-00-00,6,MIN
jacobam01w,33.0,0.0,478.0,121.0,4.0,15.0,19.0,68.0,19.0,4.0,46.0,34.0,104.0,40.0,29.0,21.0,53.0,20.0,0.0,68.0,152.0,1982-06-29,0000-00-00,7,MIN
jacobam01w,34.0,34.0,861.0,279.0,17.0,73.0,90.0,115.0,26.0,2.0,90.0,71.0,214.0,96.0,57.0,47.0,102.0,40.0,0.0,68.0,152.0,1982-06-29,0000-00-00,8,MIN
jacobam01w,29.0,0.0,328.0,93.0,4.0,16.0,20.0,40.0,9.0,0.0,41.0,31.0,102.0,34.0,13.0,8.0,65.0,17.0,0.0,68.0,152.0,1982-06-29,0000-00-00,9,WAS
jacobam01w,29.0,0.0,328.0,93.0,4.0,16.0,20.0,40.0,9.0,0.0,41.0,31.0,102.0,34.0,13.0,8.0,65.0,17.0,0.0,68.0,152.0,1982-06-29,0000-00-00,9,LAS
jamesta01w,,,,,,,,,,,,,,,,,,,,,,,,7,WAS
jamesta01w,21.0,0.0,160.0,57.0,9.0,7.0,16.0,3.0,4.0,2.0,10.0,13.0,49.0,19.0,18.0,16.0,12.0,3.0,0.0,69.0,158.0,1984-06-13,0000-00-00,8,WAS
januabr01w,,,,,,,,,,,,,,,,,,,,,,,,10,IND
jekaban01w,,,,,,,,,,,,,,,,,,,,,,,,10,CON
joensca01w,,,,,,,,,,,,,,,,,,,,,,,,8,CHI
joensca01w,19.0,0.0,271.0,95.0,6.0,27.0,33.0,32.0,17.0,1.0,13.0,18.0,79.0,31.0,13.0,11.0,45.0,22.0,0.0,71.0,165.0,1981-02-12,0000-00-00,9,CHI
johnsad01w,,,,,,,,,,,,,,,,,,,,,,,,1,ORL
johnsad01w,32.0,31.0,1100.0,436.0,30.0,60.0,90.0,54.0,24.0,3.0,56.0,59.0,393.0,175.0,38.0,34.0,148.0,52.0,1.0,70.0,154.0,1974-02-05,0000-00-00,3,ORL
johnsad01w,32.0,2.0,602.0,166.0,14.0,32.0,46.0,22.0,15.0,2.0,26.0,40.0,181.0,68.0,17.0,12.0,61.0,18.0,0.0,70.0,154.0,1974-02-05,0000-00-00,4,CON
johnsch01w,,,,,,,,,,,,,,,,,,,,,,,,4,LAS
johnsja01w,,,,,,,,,,,,,,,,,,,,,,,,2,ORL
johnsla01w,,,,,,,,,,,,,,,,,,,,,,,,1,UTA
johnsla01w,29.0,6.0,481.0,144.0,14.0,38.0,52.0,26.0,12.0,2.0,34.0,65.0,129.0,52.0,43.0,28.0,36.0,12.0,0.0,73.0,150.0,1975-08-17,0000-00-00,2,UTA
johnsla01w,26.0,0.0,228.0,50.0,4.0,15.0,19.0,7.0,2.0,1.0,13.0,26.0,65.0,17.0,14.0,11.0,30.0,5.0,0.0,73.0,150.0,1975-08-17,0000-00-00,3,UTA
johnsla01w,28.0,1.0,269.0,75.0,8.0,11.0,19.0,10.0,7.0,2.0,15.0,36.0,76.0,25.0,20.0,15.0,32.0,10.0,1.0,73.0,150.0,1975-08-17,0000-00-00,4,SAS
johnsla01w,31.0,1.0,279.0,58.0,7.0,18.0,25.0,9.0,3.0,1.0,14.0,31.0,71.0,18.0,22.0,16.0,23.0,6.0,0.0,73.0,150.0,1975-08-17,0000-00-00,5,HOU
johnsni01w,,,,,,,,,,,,,,,,,,,,,,,,1,CHA
johnspo01w,,,,,,,,,,,,,,,,,,,,,,,,1,CLE
johnspo01w,12.0,0.0,57.0,17.0,7.0,7.0,14.0,2.0,0.0,1.0,8.0,9.0,10.0,5.0,12.0,7.0,0.0,0.0,0.0,75.0,165.0,1975-11-06,0000-00-00,2,CLE
johnspo01w,18.0,0.0,119.0,28.0,12.0,19.0,31.0,4.0,0.0,2.0,10.0,12.0,27.0,12.0,9.0,4.0,0.0,0.0,0.0,75.0,165.0,1975-11-06,0000-00-00,3,MIA
johnspo01w,31.0,30.0,801.0,217.0,58.0,82.0,140.0,32.0,27.0,15.0,53.0,75.0,149.0,78.0,97.0,61.0,0.0,0.0,0.0,75.0,165.0,1975-11-06,0000-00-00,4,CLE
johnspo01w,30.0,2.0,416.0,89.0,31.0,51.0,82.0,19.0,12.0,10.0,19.0,35.0,63.0,35.0,34.0,19.0,0.0,0.0,0.0,75.0,165.0,1975-11-06,0000-00-00,5,HOU
johnssh01w,,,,,,,,,,,,,,,,,,,,,,,,1,ORL
johnssh01w,32.0,32.0,1126.0,381.0,53.0,102.0,155.0,169.0,58.0,7.0,102.0,83.0,309.0,122.0,144.0,107.0,90.0,30.0,0.0,67.0,152.0,1974-08-18,0000-00-00,2,ORL
johnssh01w,26.0,22.0,785.0,302.0,15.0,62.0,77.0,68.0,34.0,6.0,54.0,66.0,245.0,90.0,111.0,84.0,104.0,38.0,0.0,67.0,152.0,1974-08-18,0000-00-00,3,ORL
johnssh01w,31.0,31.0,1110.0,499.0,49.0,80.0,129.0,163.0,51.0,7.0,98.0,78.0,389.0,157.0,214.0,164.0,77.0,21.0,1.0,67.0,152.0,1974-08-18,0000-00-00,4,CON
johnssh01w,34.0,34.0,1107.0,420.0,39.0,95.0,134.0,196.0,44.0,3.0,107.0,77.0,319.0,138.0,171.0,125.0,73.0,19.0,0.0,67.0,152.0,1974-08-18,0000-00-00,5,SAS
johnssh01w,31.0,30.0,954.0,287.0,14.0,68.0,82.0,136.0,48.0,4.0,99.0,69.0,234.0,89.0,107.0,82.0,76.0,27.0,2.0,67.0,152.0,1974-08-18,0000-00-00,6,SAS
johnssh01w,34.0,33.0,1104.0,317.0,17.0,74.0,91.0,158.0,46.0,5.0,113.0,78.0,241.0,88.0,136.0,113.0,90.0,28.0,1.0,67.0,152.0,1974-08-18,0000-00-00,7,SAS
johnssh01w,32.0,32.0,874.0,318.0,31.0,64.0,95.0,117.0,60.0,5.0,75.0,78.0,256.0,104.0,97.0,78.0,91.0,32.0,0.0,67.0,152.0,1974-08-18,0000-00-00,8,DET
johnssh01w,33.0,8.0,559.0,193.0,18.0,43.0,61.0,56.0,20.0,2.0,40.0,68.0,166.0,57.0,61.0,50.0,70.0,29.0,0.0,67.0,152.0,1974-08-18,0000-00-00,9,HOU
johnssh01w,33.0,32.0,1014.0,253.0,31.0,76.0,107.0,168.0,52.0,9.0,78.0,84.0,211.0,80.0,83.0,62.0,97.0,31.0,0.0,67.0,152.0,1974-08-18,0000-00-00,10,SEA
johnste01w,,,,,,,,,,,,,,,,,,,,,,,,6,WAS
johnste01w,34.0,34.0,973.0,315.0,13.0,91.0,104.0,177.0,44.0,1.0,88.0,99.0,273.0,125.0,66.0,52.0,43.0,13.0,2.0,63.0,132.0,1982-09-06,0000-00-00,7,LAS
johnste01w,32.0,30.0,808.0,255.0,15.0,82.0,97.0,161.0,47.0,1.0,70.0,57.0,254.0,102.0,60.0,48.0,26.0,3.0,0.0,63.0,132.0,1982-09-06,0000-00-00,8,LAS
johnste01w,11.0,11.0,206.0,70.0,4.0,25.0,29.0,30.0,8.0,1.0,31.0,17.0,88.0,29.0,16.0,11.0,3.0,1.0,0.0,63.0,132.0,1982-09-06,0000-00-00,9,LAS
johnste01w,23.0,8.0,393.0,96.0,12.0,31.0,43.0,71.0,24.0,2.0,37.0,38.0,101.0,35.0,36.0,26.0,10.0,0.0,0.0,63.0,132.0,1982-09-06,0000-00-00,10,PHO
johnsti01w,,,,,,,,,,,,,,,,,,,,,,,,1,HOU
johnsti01w,31.0,29.0,687.0,131.0,59.0,88.0,147.0,10.0,10.0,16.0,17.0,86.0,100.0,48.0,50.0,35.0,0.0,0.0,1.0,76.0,240.0,1975-12-27,0000-00-00,2,HOU
johnsti01w,32.0,28.0,672.0,148.0,44.0,94.0,138.0,22.0,12.0,15.0,42.0,67.0,138.0,62.0,28.0,24.0,0.0,0.0,0.0,76.0,240.0,1975-12-27,0000-00-00,3,HOU
johnsti01w,32.0,32.0,815.0,201.0,73.0,100.0,173.0,39.0,17.0,24.0,38.0,67.0,178.0,77.0,58.0,47.0,2.0,0.0,0.0,76.0,240.0,1975-12-27,0000-00-00,4,HOU
johnsti01w,22.0,3.0,359.0,77.0,19.0,44.0,63.0,13.0,3.0,7.0,20.0,33.0,62.0,30.0,23.0,17.0,0.0,0.0,0.0,76.0,240.0,1975-12-27,0000-00-00,5,HOU
johnsti01w,33.0,11.0,660.0,142.0,30.0,92.0,122.0,27.0,9.0,17.0,31.0,72.0,118.0,59.0,32.0,24.0,0.0,0.0,1.0,76.0,240.0,1975-12-27,0000-00-00,7,SEA
johnsvi01w,,,,,,,,,,,,,,,,,,,,,,,,1,NYL
johnsvi01w,31.0,31.0,1023.0,380.0,40.0,97.0,137.0,77.0,22.0,5.0,57.0,48.0,324.0,143.0,76.0,67.0,71.0,27.0,0.0,69.0,150.0,1972-04-15,0000-00-00,2,NYL
johnsvi01w,32.0,32.0,939.0,353.0,23.0,84.0,107.0,87.0,35.0,4.0,52.0,62.0,326.0,135.0,70.0,53.0,82.0,30.0,1.0,69.0,150.0,1972-04-15,0000-00-00,3,NYL
johnsvi01w,31.0,31.0,1028.0,359.0,42.0,67.0,109.0,86.0,27.0,4.0,45.0,60.0,305.0,139.0,61.0,49.0,76.0,32.0,0.0,69.0,150.0,1972-04-15,0000-00-00,4,NYL
johnsvi01w,32.0,32.0,1042.0,430.0,30.0,65.0,95.0,75.0,29.0,7.0,55.0,65.0,345.0,158.0,92.0,79.0,96.0,35.0,0.0,69.0,150.0,1972-04-15,0000-00-00,5,NYL
johnsvi01w,34.0,34.0,1119.0,321.0,37.0,84.0,121.0,124.0,25.0,4.0,71.0,75.0,293.0,121.0,70.0,62.0,60.0,17.0,0.0,69.0,150.0,1972-04-15,0000-00-00,6,NYL
johnsvi01w,34.0,34.0,1023.0,353.0,37.0,81.0,118.0,92.0,23.0,2.0,44.0,56.0,272.0,129.0,84.0,65.0,84.0,30.0,0.0,69.0,150.0,1972-04-15,0000-00-00,7,SAS
johnsvi01w,34.0,34.0,1004.0,337.0,55.0,112.0,167.0,122.0,28.0,3.0,59.0,61.0,317.0,119.0,90.0,76.0,69.0,23.0,0.0,69.0,150.0,1972-04-15,0000-00-00,8,SAS
johnsvi01w,30.0,29.0,852.0,243.0,51.0,93.0,144.0,104.0,34.0,8.0,36.0,46.0,214.0,95.0,39.0,32.0,49.0,21.0,0.0,69.0,150.0,1972-04-15,0000-00-00,9,SAS
johnsvi01w,32.0,32.0,892.0,213.0,39.0,130.0,169.0,115.0,26.0,5.0,49.0,42.0,198.0,87.0,36.0,28.0,39.0,11.0,0.0,69.0,150.0,1972-04-15,0000-00-00,10,SAS
jonesas01w,,,,,,,,,,,,,,,,,,,,,,,,3,WAS
jonesas01w,32.0,5.0,612.0,208.0,39.0,50.0,89.0,28.0,13.0,17.0,39.0,88.0,233.0,93.0,33.0,20.0,10.0,2.0,2.0,74.0,196.0,1980-08-01,0000-00-00,4,WAS
jonesas01w,34.0,10.0,748.0,290.0,62.0,73.0,135.0,52.0,16.0,25.0,63.0,109.0,279.0,121.0,55.0,41.0,17.0,7.0,1.0,74.0,196.0,1980-08-01,0000-00-00,5,CON
jonesas01w,34.0,1.0,699.0,235.0,51.0,67.0,118.0,39.0,20.0,18.0,53.0,82.0,239.0,96.0,48.0,41.0,6.0,2.0,0.0,74.0,196.0,1980-08-01,0000-00-00,6,CON
jonesas01w,33.0,4.0,705.0,301.0,54.0,67.0,121.0,40.0,10.0,7.0,51.0,70.0,275.0,133.0,56.0,33.0,5.0,2.0,0.0,74.0,196.0,1980-08-01,0000-00-00,7,CON
jonesas01w,34.0,2.0,777.0,377.0,59.0,124.0,183.0,46.0,23.0,20.0,60.0,74.0,334.0,155.0,79.0,62.0,19.0,5.0,0.0,74.0,196.0,1980-08-01,0000-00-00,8,CON
jonesas01w,30.0,30.0,942.0,459.0,65.0,118.0,183.0,75.0,25.0,23.0,91.0,90.0,430.0,193.0,94.0,72.0,12.0,1.0,1.0,74.0,196.0,1980-08-01,0000-00-00,9,CON
jonesas01w,33.0,33.0,963.0,561.0,73.0,128.0,201.0,81.0,20.0,26.0,74.0,85.0,461.0,223.0,139.0,110.0,23.0,5.0,2.0,74.0,196.0,1980-08-01,0000-00-00,10,CON
jonesch01w,,,,,,,,,,,,,,,,,,,,,,,,5,DET
jonesch01w,31.0,8.0,397.0,107.0,8.0,26.0,34.0,45.0,18.0,5.0,40.0,41.0,103.0,37.0,31.0,25.0,32.0,8.0,0.0,69.0,150.0,1982-03-25,0000-00-00,6,DET
jonesch01w,31.0,8.0,397.0,107.0,8.0,26.0,34.0,45.0,18.0,5.0,40.0,41.0,103.0,37.0,31.0,25.0,32.0,8.0,0.0,69.0,150.0,1982-03-25,0000-00-00,6,MIN
jonesch01w,31.0,9.0,610.0,206.0,18.0,46.0,64.0,53.0,26.0,5.0,40.0,68.0,196.0,75.0,38.0,27.0,69.0,29.0,0.0,69.0,150.0,1982-03-25,0000-00-00,7,MIN
jonesja01w,,,,,,,,,,,,,,,,,,,,,,,,1,MIA
jonesla01w,,,,,,,,,,,,,,,,,,,,,,,,1,CHA
jonesme01w,,,,,,,,,,,,,,,,,,,,,,,,1,CLE
jonesme01w,32.0,32.0,948.0,352.0,52.0,87.0,139.0,63.0,29.0,2.0,60.0,86.0,323.0,153.0,47.0,32.0,45.0,14.0,2.0,69.0,147.0,1973-07-21,0000-00-00,2,CLE
jonesme01w,30.0,30.0,998.0,404.0,43.0,121.0,164.0,45.0,29.0,4.0,53.0,59.0,377.0,165.0,82.0,65.0,34.0,9.0,0.0,69.0,147.0,1973-07-21,0000-00-00,3,CLE
jonesme01w,32.0,32.0,1094.0,391.0,33.0,143.0,176.0,72.0,44.0,4.0,55.0,60.0,393.0,157.0,79.0,62.0,54.0,15.0,0.0,69.0,147.0,1973-07-21,0000-00-00,4,CLE
jonesme01w,34.0,15.0,672.0,164.0,18.0,79.0,97.0,44.0,22.0,3.0,36.0,59.0,196.0,66.0,39.0,28.0,13.0,4.0,0.0,69.0,147.0,1973-07-21,0000-00-00,5,DET
kellycr01w,,,,,,,,,,,,,,,,,,,,,,,,9,SAC
kellycr01w,33.0,4.0,551.0,243.0,47.0,62.0,109.0,15.0,18.0,5.0,41.0,61.0,138.0,62.0,140.0,119.0,1.0,0.0,0.0,74.0,190.0,1986-09-15,0000-00-00,10,SAC
kellycr01w,33.0,4.0,551.0,243.0,47.0,62.0,109.0,15.0,18.0,5.0,41.0,61.0,138.0,62.0,140.0,119.0,1.0,0.0,0.0,74.0,190.0,1986-09-15,0000-00-00,10,DET
kingbsu01w,,,,,,,,,,,,,,,,,,,,,,,,6,MIN
kingija01w,,,,,,,,,,,,,,,,,,,,,,,,2,DET
kingija01w,29.0,17.0,625.0,169.0,20.0,43.0,63.0,74.0,31.0,8.0,53.0,42.0,142.0,55.0,36.0,26.0,88.0,33.0,0.0,68.0,150.0,1976-01-20,0000-00-00,5,DET
kingija01w,29.0,17.0,625.0,169.0,20.0,43.0,63.0,74.0,31.0,8.0,53.0,42.0,142.0,55.0,36.0,26.0,88.0,33.0,0.0,68.0,150.0,1976-01-20,0000-00-00,5,PHO
kingija01w,18.0,0.0,143.0,23.0,5.0,9.0,14.0,13.0,5.0,2.0,9.0,11.0,18.0,6.0,11.0,8.0,7.0,3.0,0.0,68.0,150.0,1976-01-20,0000-00-00,7,SAS
klimezu01w,,,,,,,,,,,,,,,,,,,,,,,,3,IND
klimezu01w,11.0,0.0,39.0,5.0,1.0,4.0,5.0,2.0,1.0,1.0,2.0,2.0,12.0,2.0,1.0,1.0,0.0,0.0,0.0,74.0,181.0,1979-01-21,0000-00-00,4,IND
koehnla01w,,,,,,,,,,,,,,,,,,,,,,,,6,WAS
koehnla01w,30.0,0.0,230.0,113.0,4.0,7.0,11.0,10.0,2.0,0.0,6.0,15.0,79.0,37.0,5.0,4.0,75.0,35.0,0.0,68.0,145.0,1982-05-13,0000-00-00,7,WAS
koehnla01w,32.0,0.0,161.0,71.0,0.0,12.0,12.0,8.0,2.0,2.0,5.0,16.0,46.0,23.0,4.0,3.0,42.0,22.0,0.0,68.0,145.0,1982-05-13,0000-00-00,8,WAS
koehnla01w,28.0,0.0,109.0,40.0,0.0,8.0,8.0,5.0,0.0,0.0,3.0,8.0,36.0,13.0,2.0,2.0,33.0,12.0,0.0,68.0,145.0,1982-05-13,0000-00-00,9,WAS
korstil01w,,,,,,,,,,,,,,,,,,,,,,,,2,PHO
kostaan01w,,,,,,,,,,,,,,,,,,,,,,,,7,HOU
kostita01w,,,,,,,,,,,,,,,,,,,,,,,,1,MIA
kraayca01w,,,,,,,,,,,,,,,,,,,,,,,,6,NYL
kraayca01w,17.0,0.0,196.0,69.0,13.0,14.0,27.0,5.0,4.0,8.0,17.0,21.0,55.0,23.0,15.0,14.0,24.0,9.0,0.0,76.0,180.0,1981-09-30,0000-00-00,7,NYL
kraayca01w,34.0,13.0,903.0,298.0,46.0,112.0,158.0,32.0,16.0,15.0,62.0,71.0,239.0,106.0,72.0,55.0,93.0,31.0,0.0,76.0,180.0,1981-09-30,0000-00-00,8,NYL
kraayca01w,34.0,34.0,967.0,366.0,38.0,116.0,154.0,51.0,32.0,20.0,84.0,84.0,298.0,129.0,70.0,55.0,129.0,53.0,0.0,76.0,180.0,1981-09-30,0000-00-00,9,NYL
kraayca01w,34.0,34.0,961.0,326.0,50.0,159.0,209.0,49.0,28.0,26.0,55.0,95.0,298.0,114.0,51.0,36.0,165.0,62.0,2.0,76.0,180.0,1981-09-30,0000-00-00,10,NYL
kubikni01w,,,,,,,,,,,,,,,,,,,,,,,,1,PHO
kubikni01w,4.0,0.0,19.0,6.0,0.0,2.0,2.0,2.0,0.0,0.0,3.0,4.0,3.0,1.0,4.0,4.0,1.0,0.0,0.0,69.0,145.0,1978-03-01,0000-00-00,2,PHO
lacyje01w,,,,,,,,,,,,,,,,,,,,,,,,7,PHO
lacyje01w,33.0,3.0,504.0,162.0,42.0,60.0,102.0,14.0,12.0,12.0,45.0,102.0,128.0,61.0,58.0,40.0,4.0,0.0,1.0,75.0,175.0,1983-03-21,0000-00-00,8,PHO
lacyje01w,20.0,0.0,94.0,35.0,10.0,9.0,19.0,2.0,3.0,0.0,10.0,26.0,29.0,12.0,18.0,10.0,3.0,1.0,0.0,75.0,175.0,1983-03-21,0000-00-00,9,ATL
lacyje01w,33.0,22.0,605.0,189.0,35.0,54.0,89.0,27.0,18.0,6.0,37.0,97.0,190.0,74.0,55.0,37.0,21.0,4.0,1.0,75.0,175.0,1983-03-21,0000-00-00,10,ATL
lacyve01w,,,,,,,,,,,,,,,,,,,,,,,,1,NYL
lambesh01w,,,,,,,,,,,,,,,,,,,,,,,,3,CHA
lambesh01w,3.0,0.0,16.0,2.0,2.0,1.0,3.0,3.0,1.0,0.0,2.0,1.0,3.0,1.0,0.0,0.0,0.0,0.0,0.0,67.0,125.0,1980-07-21,0000-00-00,4,DET
lambesh01w,27.0,1.0,187.0,87.0,10.0,18.0,28.0,14.0,5.0,0.0,29.0,15.0,66.0,24.0,41.0,32.0,16.0,7.0,0.0,67.0,125.0,1980-07-21,0000-00-00,5,HOU
lambesh01w,34.0,25.0,788.0,197.0,19.0,49.0,68.0,88.0,26.0,4.0,82.0,46.0,177.0,75.0,51.0,40.0,27.0,7.0,0.0,67.0,125.0,1980-07-21,0000-00-00,6,DET
lambmo01w,,,,,,,,,,,,,,,,,,,,,,,,1,HOU
langhcr01w,,,,,,,,,,,,,,,,,,,,,,,,9,WAS
langhcr01w,34.0,6.0,529.0,164.0,53.0,83.0,136.0,15.0,15.0,6.0,36.0,54.0,109.0,68.0,51.0,28.0,0.0,0.0,1.0,74.0,184.0,1986-10-27,0000-00-00,10,WAS
larkier01w,,,,,,,,,,,,,,,,,,,,,,,,9,NYL
larkier01w,27.0,0.0,335.0,129.0,38.0,35.0,73.0,18.0,10.0,7.0,35.0,54.0,94.0,48.0,56.0,33.0,0.0,0.0,0.0,73.0,210.0,1986-04-02,0000-00-00,10,NYL
lassiam01w,,,,,,,,,,,,,,,,,,,,,,,,2,HOU
lassiam01w,32.0,18.0,613.0,138.0,27.0,83.0,110.0,34.0,16.0,21.0,35.0,66.0,139.0,51.0,15.0,10.0,67.0,26.0,0.0,73.0,160.0,1979-06-09,0000-00-00,3,HOU
lassiam01w,32.0,18.0,613.0,138.0,27.0,83.0,110.0,34.0,16.0,21.0,35.0,66.0,139.0,51.0,15.0,10.0,67.0,26.0,0.0,73.0,160.0,1979-06-09,0000-00-00,3,SEA
lassiam01w,30.0,22.0,600.0,127.0,24.0,45.0,69.0,57.0,29.0,21.0,51.0,62.0,140.0,47.0,19.0,13.0,71.0,20.0,1.0,73.0,160.0,1979-06-09,0000-00-00,4,SEA
lassiam01w,32.0,18.0,733.0,163.0,33.0,79.0,112.0,42.0,27.0,26.0,42.0,92.0,156.0,60.0,30.0,19.0,73.0,24.0,2.0,73.0,160.0,1979-06-09,0000-00-00,5,MIN
lassiam01w,33.0,12.0,563.0,127.0,15.0,65.0,80.0,37.0,21.0,22.0,40.0,74.0,135.0,47.0,9.0,6.0,89.0,27.0,0.0,73.0,160.0,1979-06-09,0000-00-00,6,MIN
lassiam01w,31.0,3.0,388.0,107.0,10.0,36.0,46.0,23.0,14.0,4.0,29.0,55.0,115.0,38.0,11.0,7.0,72.0,24.0,0.0,73.0,160.0,1979-06-09,0000-00-00,7,CHI
lattaiv01w,,,,,,,,,,,,,,,,,,,,,,,,8,DET
lattaiv01w,31.0,1.0,221.0,93.0,4.0,15.0,19.0,20.0,8.0,2.0,16.0,24.0,87.0,34.0,7.0,3.0,49.0,22.0,0.0,66.0,143.0,1984-09-24,0000-00-00,9,ATL
lattaiv01w,34.0,31.0,960.0,388.0,13.0,59.0,72.0,123.0,45.0,1.0,61.0,83.0,343.0,124.0,106.0,85.0,160.0,55.0,0.0,66.0,143.0,1984-09-24,0000-00-00,10,ATL
lawsoed01w,,,,,,,,,,,,,,,,,,,,,,,,6,NYL
lawsoed01w,,,,,,,,,,,,,,,,,,,,,,,,6,HOU
lawsoed01w,19.0,0.0,126.0,27.0,1.0,8.0,9.0,4.0,2.0,1.0,12.0,7.0,28.0,8.0,6.0,6.0,15.0,5.0,0.0,66.0,130.0,1979-05-14,0000-00-00,7,SEA
lawsoed01w,26.0,0.0,209.0,43.0,2.0,19.0,21.0,29.0,15.0,1.0,19.0,20.0,45.0,17.0,6.0,4.0,19.0,5.0,0.0,66.0,130.0,1979-05-14,0000-00-00,9,SAS
lawsoed01w,30.0,1.0,280.0,100.0,9.0,22.0,31.0,26.0,12.0,0.0,25.0,29.0,80.0,36.0,9.0,6.0,47.0,22.0,0.0,66.0,130.0,1979-05-14,0000-00-00,10,SAS
lawsoka01w,,,,,,,,,,,,,,,,,,,,,,,,4,SAC
lawsoka01w,34.0,0.0,769.0,263.0,30.0,77.0,107.0,56.0,15.0,5.0,42.0,45.0,227.0,89.0,40.0,31.0,135.0,54.0,0.0,69.0,165.0,1981-02-14,0000-00-00,5,SAC
lawsoka01w,34.0,10.0,827.0,294.0,12.0,65.0,77.0,68.0,21.0,8.0,53.0,41.0,245.0,103.0,44.0,37.0,134.0,51.0,0.0,69.0,165.0,1981-02-14,0000-00-00,6,SAC
lawsoka01w,24.0,1.0,508.0,192.0,7.0,26.0,33.0,37.0,13.0,3.0,22.0,28.0,148.0,65.0,31.0,26.0,81.0,36.0,0.0,69.0,165.0,1981-02-14,0000-00-00,7,SAC
lawsoka01w,34.0,6.0,749.0,277.0,11.0,54.0,65.0,56.0,20.0,4.0,43.0,37.0,242.0,96.0,39.0,36.0,123.0,49.0,0.0,69.0,165.0,1981-02-14,0000-00-00,8,SAC
lawsoka01w,34.0,0.0,774.0,375.0,24.0,56.0,80.0,67.0,29.0,8.0,49.0,49.0,340.0,128.0,88.0,74.0,133.0,45.0,0.0,69.0,165.0,1981-02-14,0000-00-00,9,SAC
lawsoka01w,32.0,32.0,829.0,391.0,16.0,66.0,82.0,67.0,28.0,2.0,48.0,41.0,343.0,139.0,58.0,53.0,139.0,60.0,0.0,69.0,165.0,1981-02-14,0000-00-00,10,SAC
lazicka01w,,,,,,,,,,,,,,,,,,,,,,,,2,NYL
lehnish01w,,,,,,,,,,,,,,,,,,,,,,,,10,ATL
lennobe01w,,,,,,,,,,,,,,,,,,,,,,,,1,MIN
lennobe01w,32.0,31.0,984.0,541.0,53.0,125.0,178.0,82.0,53.0,9.0,97.0,112.0,471.0,201.0,105.0,84.0,139.0,55.0,4.0,68.0,143.0,1976-12-04,0000-00-00,2,MIN
lennobe01w,11.0,7.0,241.0,121.0,13.0,41.0,54.0,16.0,10.0,4.0,25.0,29.0,110.0,41.0,20.0,19.0,52.0,20.0,0.0,68.0,143.0,1976-12-04,0000-00-00,3,MIN
lennobe01w,11.0,7.0,241.0,121.0,13.0,41.0,54.0,16.0,10.0,4.0,25.0,29.0,110.0,41.0,20.0,19.0,52.0,20.0,0.0,68.0,143.0,1976-12-04,0000-00-00,3,MIA
lennobe01w,31.0,4.0,719.0,341.0,20.0,69.0,89.0,63.0,30.0,5.0,82.0,102.0,355.0,120.0,68.0,50.0,154.0,51.0,3.0,68.0,143.0,1976-12-04,0000-00-00,4,CLE
lennobe01w,34.0,1.0,560.0,258.0,19.0,70.0,89.0,32.0,14.0,4.0,58.0,77.0,269.0,100.0,36.0,26.0,103.0,32.0,0.0,68.0,143.0,1976-12-04,0000-00-00,5,SEA
lennobe01w,32.0,32.0,920.0,358.0,28.0,131.0,159.0,79.0,34.0,3.0,77.0,89.0,330.0,139.0,68.0,58.0,83.0,22.0,0.0,68.0,143.0,1976-12-04,0000-00-00,6,SEA
lennobe01w,28.0,26.0,800.0,346.0,21.0,103.0,124.0,57.0,35.0,5.0,75.0,82.0,314.0,123.0,87.0,76.0,78.0,24.0,0.0,68.0,143.0,1976-12-04,0000-00-00,7,SEA
lennobe01w,34.0,34.0,891.0,465.0,34.0,103.0,137.0,73.0,36.0,5.0,98.0,92.0,423.0,191.0,71.0,54.0,90.0,29.0,2.0,68.0,143.0,1976-12-04,0000-00-00,8,SEA
lennobe01w,34.0,34.0,937.0,454.0,47.0,113.0,160.0,92.0,36.0,5.0,91.0,75.0,362.0,155.0,121.0,110.0,99.0,34.0,0.0,68.0,143.0,1976-12-04,0000-00-00,9,ATL
lennobe01w,34.0,33.0,1010.0,595.0,36.0,107.0,143.0,81.0,45.0,3.0,114.0,92.0,499.0,207.0,138.0,118.0,176.0,63.0,0.0,68.0,143.0,1976-12-04,0000-00-00,10,LAS
leslili01w,,,,,,,,,,,,,,,,,,,,,,,,1,LAS
leslili01w,32.0,32.0,1028.0,570.0,75.0,231.0,306.0,60.0,31.0,74.0,103.0,134.0,430.0,197.0,205.0,169.0,32.0,7.0,7.0,77.0,170.0,1972-07-07,0000-00-00,2,LAS
leslili01w,31.0,31.0,1033.0,606.0,88.0,210.0,298.0,73.0,34.0,71.0,98.0,132.0,467.0,221.0,193.0,142.0,60.0,22.0,3.0,77.0,170.0,1972-07-07,0000-00-00,3,LAS
leslili01w,31.0,31.0,1060.0,523.0,78.0,244.0,322.0,83.0,46.0,90.0,108.0,123.0,406.0,189.0,183.0,133.0,37.0,12.0,7.0,77.0,170.0,1972-07-07,0000-00-00,4,LAS
leslili01w,23.0,23.0,792.0,424.0,76.0,155.0,231.0,46.0,31.0,63.0,65.0,93.0,373.0,165.0,133.0,82.0,37.0,12.0,3.0,77.0,170.0,1972-07-07,0000-00-00,5,LAS
leslili01w,34.0,34.0,1150.0,598.0,60.0,276.0,336.0,88.0,50.0,98.0,110.0,130.0,451.0,223.0,205.0,146.0,22.0,6.0,5.0,77.0,170.0,1972-07-07,0000-00-00,6,LAS
leslili01w,34.0,34.0,1096.0,517.0,70.0,178.0,248.0,87.0,67.0,71.0,100.0,122.0,464.0,204.0,174.0,102.0,34.0,7.0,2.0,77.0,170.0,1972-07-07,0000-00-00,7,LAS
leslili01w,34.0,34.0,1043.0,680.0,83.0,240.0,323.0,108.0,51.0,57.0,126.0,115.0,503.0,257.0,243.0,158.0,20.0,8.0,4.0,77.0,170.0,1972-07-07,0000-00-00,9,LAS
leslili01w,33.0,33.0,1059.0,497.0,84.0,209.0,293.0,80.0,49.0,97.0,119.0,117.0,406.0,188.0,177.0,117.0,17.0,4.0,2.0,77.0,170.0,1972-07-07,0000-00-00,10,LAS
leuchye01w,,,,,,,,,,,,,,,,,,,,,,,,7,CHA
leuchye01w,4.0,0.0,38.0,12.0,2.0,3.0,5.0,3.0,0.0,1.0,1.0,5.0,10.0,5.0,4.0,2.0,0.0,0.0,0.0,77.0,195.0,1983-04-30,0000-00-00,8,WAS
levanni01w,,,,,,,,,,,,,,,,,,,,,,,,2,LAS
lewista01w,,,,,,,,,,,,,,,,,,,,,,,,3,SEA
lewisty01w,,,,,,,,,,,,,,,,,,,,,,,,2,HOU
lewisty01w,29.0,4.0,419.0,97.0,21.0,41.0,62.0,15.0,11.0,4.0,26.0,26.0,92.0,39.0,17.0,11.0,20.0,8.0,0.0,70.0,152.0,1979-05-08,0000-00-00,3,HOU
lewisty01w,17.0,1.0,145.0,34.0,6.0,12.0,18.0,9.0,3.0,3.0,9.0,18.0,30.0,13.0,8.0,5.0,8.0,3.0,0.0,70.0,152.0,1979-05-08,0000-00-00,4,CHA
lewisty01w,23.0,0.0,234.0,70.0,11.0,22.0,33.0,20.0,10.0,6.0,16.0,18.0,62.0,26.0,12.0,11.0,13.0,7.0,0.0,70.0,152.0,1979-05-08,0000-00-00,5,CHA
lewisty01w,34.0,2.0,617.0,246.0,23.0,34.0,57.0,44.0,27.0,7.0,44.0,47.0,210.0,91.0,58.0,44.0,50.0,20.0,1.0,70.0,152.0,1979-05-08,0000-00-00,6,CHA
lewisty01w,34.0,2.0,617.0,246.0,23.0,34.0,57.0,44.0,27.0,7.0,44.0,47.0,210.0,91.0,58.0,44.0,50.0,20.0,1.0,70.0,152.0,1979-05-08,0000-00-00,6,MIN
lewisty01w,21.0,1.0,256.0,75.0,10.0,15.0,25.0,20.0,6.0,4.0,22.0,14.0,88.0,29.0,25.0,15.0,15.0,2.0,0.0,70.0,152.0,1979-05-08,0000-00-00,7,MIN
liebena01w,,,,,,,,,,,,,,,,,,,,,,,,9,DET
littlca01w,,,,,,,,,,,,,,,,,,,,,,,,8,SAS
littlca01w,34.0,7.0,711.0,132.0,57.0,95.0,152.0,23.0,30.0,11.0,40.0,70.0,131.0,54.0,40.0,21.0,11.0,3.0,0.0,74.0,180.0,1985-01-18,0000-00-00,9,ATL
littlca01w,34.0,7.0,711.0,132.0,57.0,95.0,152.0,23.0,30.0,11.0,40.0,70.0,131.0,54.0,40.0,21.0,11.0,3.0,0.0,74.0,180.0,1985-01-18,0000-00-00,9,SEA
littlca01w,32.0,15.0,663.0,247.0,47.0,76.0,123.0,36.0,28.0,13.0,60.0,86.0,191.0,96.0,72.0,46.0,25.0,9.0,2.0,74.0,180.0,1985-01-18,0000-00-00,10,SEA
lloydan01w,,,,,,,,,,,,,,,,,,,,,,,,1,MIN
lobore01w,,,,,,,,,,,,,,,,,,,,,,,,2,NYL
lobore01w,16.0,0.0,85.0,17.0,2.0,12.0,14.0,1.0,2.0,0.0,7.0,16.0,22.0,7.0,4.0,2.0,2.0,1.0,0.0,76.0,190.0,1973-10-06,0000-00-00,3,HOU
lobore01w,21.0,0.0,132.0,34.0,9.0,14.0,23.0,12.0,1.0,5.0,11.0,10.0,32.0,15.0,4.0,1.0,7.0,3.0,0.0,76.0,190.0,1973-10-06,0000-00-00,4,CON
lovelst01w,,,,,,,,,,,,,,,,,,,,,,,,1,SEA
lovelst01w,23.0,1.0,324.0,99.0,19.0,38.0,57.0,16.0,13.0,2.0,35.0,42.0,103.0,36.0,31.0,25.0,9.0,2.0,0.0,76.0,170.0,1974-12-05,0000-00-00,2,SEA
lovelst01w,22.0,2.0,211.0,76.0,14.0,18.0,32.0,9.0,8.0,5.0,18.0,23.0,71.0,27.0,17.0,12.0,26.0,10.0,0.0,76.0,170.0,1974-12-05,0000-00-00,5,MIN
lovelst01w,34.0,0.0,388.0,121.0,25.0,41.0,66.0,20.0,18.0,9.0,45.0,47.0,122.0,49.0,24.0,20.0,17.0,3.0,0.0,76.0,170.0,1974-12-05,0000-00-00,6,MIN
lovelst01w,34.0,2.0,594.0,209.0,35.0,72.0,107.0,31.0,24.0,11.0,37.0,57.0,173.0,70.0,54.0,43.0,63.0,26.0,0.0,76.0,170.0,1974-12-05,0000-00-00,7,CHI
lovelst01w,34.0,6.0,623.0,253.0,48.0,88.0,136.0,22.0,19.0,20.0,53.0,69.0,229.0,95.0,56.0,44.0,63.0,19.0,0.0,76.0,170.0,1974-12-05,0000-00-00,8,WAS
lovelst01w,9.0,0.0,105.0,24.0,6.0,7.0,13.0,2.0,4.0,0.0,7.0,13.0,21.0,9.0,8.0,4.0,7.0,2.0,0.0,76.0,170.0,1974-12-05,0000-00-00,9,ATL
lovelst01w,9.0,0.0,105.0,24.0,6.0,7.0,13.0,2.0,4.0,0.0,7.0,13.0,21.0,9.0,8.0,4.0,7.0,2.0,0.0,76.0,170.0,1974-12-05,0000-00-00,9,DET
luckepa01w,,,,,,,,,,,,,,,,,,,,,,,,2,PHO
luzhe01w,,,,,,,,,,,,,,,,,,,,,,,,2,WAS
luzhe01w,32.0,3.0,489.0,164.0,10.0,27.0,37.0,55.0,28.0,5.0,43.0,47.0,136.0,55.0,25.0,22.0,82.0,32.0,0.0,68.0,144.0,1972-11-23,0000-00-00,3,WAS
luzhe01w,32.0,0.0,474.0,187.0,9.0,23.0,32.0,48.0,18.0,5.0,43.0,40.0,148.0,65.0,19.0,15.0,106.0,42.0,0.0,68.0,144.0,1972-11-23,0000-00-00,4,WAS
lyttlsa01w,,,,,,,,,,,,,,,,,,,,,,,,6,HOU
lyttlsa01w,33.0,0.0,460.0,140.0,35.0,90.0,125.0,17.0,20.0,3.0,23.0,45.0,101.0,59.0,40.0,22.0,0.0,0.0,0.0,76.0,175.0,1983-09-20,0000-00-00,7,HOU
lyttlsa01w,29.0,2.0,380.0,106.0,40.0,74.0,114.0,8.0,25.0,4.0,18.0,61.0,87.0,40.0,42.0,26.0,0.0,0.0,0.0,76.0,175.0,1983-09-20,0000-00-00,8,HOU
lyttlsa01w,31.0,25.0,506.0,183.0,66.0,98.0,164.0,30.0,37.0,20.0,40.0,62.0,156.0,77.0,51.0,29.0,0.0,0.0,0.0,76.0,175.0,1983-09-20,0000-00-00,9,HOU
lyttlsa01w,27.0,9.0,489.0,222.0,49.0,119.0,168.0,24.0,40.0,27.0,30.0,64.0,158.0,92.0,51.0,38.0,0.0,0.0,2.0,76.0,175.0,1983-09-20,0000-00-00,10,ATL
mabikmw01w,,,,,,,,,,,,,,,,,,,,,,,,1,LAS
mabikmw01w,32.0,32.0,940.0,394.0,45.0,134.0,179.0,98.0,58.0,18.0,51.0,117.0,335.0,130.0,89.0,73.0,159.0,61.0,2.0,71.0,165.0,1976-07-27,0000-00-00,2,LAS
mabikmw01w,28.0,24.0,828.0,313.0,22.0,108.0,130.0,87.0,39.0,11.0,44.0,74.0,256.0,99.0,79.0,68.0,123.0,47.0,0.0,71.0,165.0,1976-07-27,0000-00-00,3,LAS
mabikmw01w,32.0,32.0,1050.0,539.0,32.0,135.0,167.0,92.0,38.0,9.0,62.0,90.0,444.0,188.0,118.0,99.0,175.0,64.0,1.0,71.0,165.0,1976-07-27,0000-00-00,4,LAS
mabikmw01w,32.0,30.0,1042.0,441.0,34.0,107.0,141.0,82.0,30.0,18.0,74.0,105.0,388.0,158.0,112.0,97.0,106.0,28.0,3.0,71.0,165.0,1976-07-27,0000-00-00,5,LAS
mabikmw01w,31.0,31.0,965.0,445.0,39.0,83.0,122.0,75.0,36.0,3.0,48.0,88.0,383.0,159.0,108.0,89.0,94.0,38.0,0.0,71.0,165.0,1976-07-27,0000-00-00,6,LAS
mabikmw01w,17.0,14.0,367.0,99.0,8.0,19.0,27.0,29.0,15.0,0.0,14.0,43.0,122.0,39.0,20.0,10.0,49.0,11.0,0.0,71.0,165.0,1976-07-27,0000-00-00,7,LAS
mabikmw01w,32.0,32.0,679.0,272.0,17.0,47.0,64.0,48.0,19.0,6.0,37.0,77.0,244.0,92.0,63.0,56.0,96.0,32.0,0.0,71.0,165.0,1976-07-27,0000-00-00,8,LAS
mabikmw01w,33.0,23.0,762.0,267.0,16.0,110.0,126.0,72.0,28.0,4.0,73.0,90.0,258.0,94.0,57.0,43.0,116.0,36.0,1.0,71.0,165.0,1976-07-27,0000-00-00,9,HOU
macchla01w,,,,,,,,,,,,,,,,,,,,,,,,5,LAS
macchla01w,25.0,15.0,410.0,152.0,23.0,38.0,61.0,14.0,21.0,6.0,29.0,56.0,106.0,52.0,55.0,41.0,26.0,7.0,0.0,73.0,169.0,1979-05-24,0000-00-00,6,LAS
machacl01w,,,,,,,,,,,,,,,,,,,,,,,,1,LAS
machacl01w,31.0,1.0,421.0,110.0,20.0,52.0,72.0,18.0,13.0,4.0,19.0,66.0,83.0,48.0,25.0,14.0,1.0,0.0,1.0,77.0,180.0,1976-10-04,0000-00-00,2,CHA
machacl01w,30.0,8.0,580.0,163.0,34.0,87.0,121.0,17.0,16.0,16.0,41.0,95.0,126.0,63.0,57.0,37.0,0.0,0.0,2.0,77.0,180.0,1976-10-04,0000-00-00,3,ORL
mahonme01w,,,,,,,,,,,,,,,,,,,,,,,,7,CON
mahonme01w,31.0,1.0,351.0,76.0,15.0,51.0,66.0,24.0,7.0,1.0,25.0,38.0,85.0,26.0,19.0,17.0,29.0,7.0,0.0,72.0,160.0,1983-02-13,0000-00-00,8,CON
mahonsh01w,,,,,,,,,,,,,,,,,,,,,,,,1,NYL
mahonsh01w,15.0,3.0,158.0,27.0,10.0,20.0,30.0,4.0,2.0,1.0,5.0,14.0,38.0,11.0,8.0,4.0,5.0,1.0,0.0,76.0,178.0,1977-07-03,0000-00-00,3,PHO
maigaha01w,,,,,,,,,,,,,,,,,,,,,,,,3,SAC
maigaha01w,23.0,3.0,197.0,40.0,18.0,19.0,37.0,9.0,15.0,3.0,23.0,37.0,53.0,13.0,30.0,14.0,0.0,0.0,0.0,73.0,160.0,1978-04-25,0000-00-00,4,SAC
maigaha01w,22.0,0.0,190.0,42.0,13.0,24.0,37.0,14.0,18.0,2.0,14.0,27.0,52.0,17.0,20.0,8.0,0.0,0.0,0.0,73.0,160.0,1978-04-25,0000-00-00,5,SAC
maigaha01w,34.0,0.0,480.0,140.0,35.0,36.0,71.0,25.0,29.0,6.0,49.0,63.0,132.0,62.0,29.0,16.0,0.0,0.0,0.0,73.0,160.0,1978-04-25,0000-00-00,6,SAC
maigaha01w,34.0,0.0,408.0,129.0,31.0,36.0,67.0,30.0,24.0,6.0,42.0,69.0,131.0,59.0,35.0,11.0,0.0,0.0,0.0,73.0,160.0,1978-04-25,0000-00-00,7,SAC
maigaha01w,34.0,7.0,537.0,177.0,35.0,38.0,73.0,30.0,32.0,9.0,45.0,80.0,158.0,75.0,48.0,27.0,1.0,0.0,1.0,73.0,160.0,1978-04-25,0000-00-00,8,HOU
maigaha01w,34.0,34.0,1008.0,310.0,39.0,98.0,137.0,77.0,57.0,3.0,70.0,113.0,269.0,122.0,78.0,65.0,5.0,1.0,1.0,73.0,160.0,1978-04-25,0000-00-00,9,HOU
maigaha01w,26.0,22.0,590.0,202.0,30.0,55.0,85.0,39.0,33.0,8.0,57.0,64.0,177.0,87.0,39.0,27.0,2.0,1.0,0.0,73.0,160.0,1978-04-25,0000-00-00,10,SAC
malcona01w,,,,,,,,,,,,,,,,,,,,,,,,2,IND
malcona01w,31.0,23.0,705.0,257.0,31.0,60.0,91.0,26.0,13.0,3.0,48.0,75.0,212.0,90.0,62.0,54.0,56.0,23.0,2.0,73.0,170.0,1975-11-27,0000-00-00,3,IND
malloso01w,,,,,,,,,,,,,,,,,,,,,,,,4,PHO
maltsev01w,,,,,,,,,,,,,,,,,,,,,,,,8,CON
mannish01w,,,,,,,,,,,,,,,,,,,,,,,,1,MIA
mannkr01w,,,,,,,,,,,,,,,,,,,,,,,,6,MIN
mannkr01w,24.0,0.0,185.0,71.0,11.0,24.0,35.0,11.0,8.0,1.0,7.0,16.0,60.0,30.0,16.0,11.0,9.0,0.0,0.0,73.0,185.0,1983-08-10,0000-00-00,7,MIN
mannkr01w,33.0,33.0,894.0,245.0,23.0,90.0,113.0,94.0,19.0,7.0,50.0,71.0,238.0,92.0,34.0,25.0,96.0,36.0,0.0,73.0,185.0,1983-08-10,0000-00-00,8,MIN
mannkr01w,34.0,17.0,882.0,258.0,39.0,83.0,122.0,43.0,31.0,7.0,27.0,81.0,256.0,96.0,37.0,29.0,106.0,37.0,1.0,73.0,185.0,1983-08-10,0000-00-00,9,ATL
mannkr01w,34.0,17.0,882.0,258.0,39.0,83.0,122.0,43.0,31.0,7.0,27.0,81.0,256.0,96.0,37.0,29.0,106.0,37.0,1.0,73.0,185.0,1983-08-10,0000-00-00,9,IND
mannkr01w,18.0,8.0,254.0,47.0,10.0,13.0,23.0,15.0,9.0,5.0,15.0,23.0,48.0,19.0,5.0,5.0,9.0,4.0,0.0,73.0,185.0,1983-08-10,0000-00-00,10,WAS
mapprh01w,,,,,,,,,,,,,,,,,,,,,,,,1,CHA
mapprh01w,30.0,30.0,856.0,357.0,60.0,145.0,205.0,64.0,30.0,24.0,59.0,112.0,300.0,138.0,88.0,73.0,22.0,8.0,3.0,74.0,190.0,1969-10-13,0000-00-00,2,LAS
mapprh01w,30.0,0.0,395.0,126.0,34.0,45.0,79.0,14.0,16.0,6.0,25.0,60.0,123.0,51.0,32.0,24.0,3.0,0.0,0.0,74.0,190.0,1969-10-13,0000-00-00,4,LAS
marcimi01w,,,,,,,,,,,,,,,,,,,,,,,,1,POR
marcimi01w,32.0,0.0,537.0,177.0,11.0,48.0,59.0,73.0,37.0,6.0,67.0,79.0,154.0,58.0,75.0,43.0,54.0,18.0,2.0,70.0,154.0,1973-10-29,0000-00-00,2,SEA
marcimi01w,27.0,5.0,392.0,132.0,17.0,21.0,38.0,47.0,30.0,2.0,30.0,49.0,139.0,51.0,37.0,20.0,33.0,10.0,0.0,70.0,154.0,1973-10-29,0000-00-00,3,SEA
martima01w,,,,,,,,,,,,,,,,,,,,,,,,1,MIN
martima01w,30.0,13.0,456.0,132.0,25.0,42.0,67.0,21.0,17.0,13.0,29.0,81.0,118.0,54.0,32.0,19.0,19.0,5.0,1.0,76.0,172.0,1978-04-17,0000-00-00,2,MIN
martinu01w,,,,,,,,,,,,,,,,,,,,,,,,6,MIN
mascira01w,,,,,,,,,,,,,,,,,,,,,,,,5,LAS
mascira01w,17.0,0.0,116.0,28.0,1.0,4.0,5.0,8.0,1.0,0.0,5.0,23.0,25.0,10.0,10.0,4.0,11.0,4.0,0.0,72.0,169.0,1980-09-30,0000-00-00,6,LAS
mascira01w,33.0,1.0,463.0,122.0,20.0,27.0,47.0,23.0,15.0,1.0,21.0,51.0,104.0,44.0,20.0,15.0,46.0,19.0,0.0,72.0,169.0,1980-09-30,0000-00-00,9,LAS
matteca01w,,,,,,,,,,,,,,,,,,,,,,,,6,CHA
maxwemo01w,,,,,,,,,,,,,,,,,,,,,,,,1,IND
maxwemo01w,32.0,32.0,1029.0,332.0,40.0,120.0,160.0,63.0,49.0,16.0,64.0,92.0,285.0,110.0,58.0,50.0,156.0,62.0,0.0,69.0,162.0,1976-12-21,0000-00-00,2,IND
maxwemo01w,15.0,3.0,238.0,47.0,12.0,26.0,38.0,14.0,5.0,3.0,22.0,19.0,53.0,16.0,12.0,8.0,31.0,7.0,0.0,69.0,162.0,1976-12-21,0000-00-00,3,IND
mazzake01w,,,,,,,,,,,,,,,,,,,,,,,,5,CHA
mazzake01w,34.0,0.0,339.0,79.0,9.0,24.0,33.0,9.0,7.0,2.0,20.0,22.0,92.0,31.0,6.0,4.0,52.0,13.0,0.0,72.0,155.0,1982-02-02,0000-00-00,6,CHA
mazzake01w,27.0,2.0,226.0,64.0,14.0,17.0,31.0,7.0,9.0,0.0,7.0,9.0,72.0,21.0,10.0,8.0,46.0,14.0,0.0,72.0,155.0,1982-02-02,0000-00-00,7,CHA
mazzake01w,34.0,0.0,725.0,302.0,23.0,76.0,99.0,64.0,47.0,6.0,48.0,37.0,277.0,105.0,33.0,28.0,167.0,64.0,0.0,72.0,155.0,1982-02-02,0000-00-00,8,PHO
mazzake01w,34.0,3.0,488.0,182.0,11.0,45.0,56.0,38.0,26.0,2.0,20.0,28.0,165.0,64.0,15.0,15.0,114.0,39.0,0.0,72.0,155.0,1982-02-02,0000-00-00,9,PHO
mazzake01w,34.0,2.0,641.0,197.0,15.0,51.0,66.0,38.0,24.0,2.0,18.0,44.0,205.0,68.0,6.0,5.0,169.0,56.0,0.0,72.0,155.0,1982-02-02,0000-00-00,10,PHO
mccaibr01w,,,,,,,,,,,,,,,,,,,,,,,,3,CLE
mccaiti01w,,,,,,,,,,,,,,,,,,,,,,,,1,ORL
mccaiti01w,25.0,0.0,214.0,51.0,2.0,9.0,11.0,5.0,3.0,1.0,9.0,18.0,49.0,15.0,18.0,16.0,22.0,5.0,0.0,70.0,167.0,1976-10-06,0000-00-00,2,ORL
mccaiti01w,32.0,9.0,442.0,97.0,7.0,31.0,38.0,36.0,10.0,8.0,34.0,52.0,109.0,35.0,9.0,6.0,67.0,21.0,0.0,70.0,167.0,1976-10-06,0000-00-00,3,ORL
mccanra01w,,,,,,,,,,,,,,,,,,,,,,,,10,MIN
mccarja01w,,,,,,,,,,,,,,,,,,,,,,,,6,CHA
mccarja01w,28.0,3.0,311.0,50.0,32.0,44.0,76.0,11.0,12.0,7.0,22.0,39.0,50.0,17.0,25.0,16.0,0.0,0.0,0.0,74.0,205.0,1982-11-03,0000-00-00,7,CHA
mccarja01w,30.0,3.0,421.0,136.0,40.0,65.0,105.0,25.0,17.0,20.0,28.0,51.0,118.0,54.0,44.0,28.0,0.0,0.0,1.0,74.0,205.0,1982-11-03,0000-00-00,8,NYL
mccarja01w,32.0,21.0,677.0,332.0,45.0,107.0,152.0,36.0,39.0,20.0,79.0,72.0,249.0,136.0,72.0,60.0,1.0,0.0,1.0,74.0,205.0,1982-11-03,0000-00-00,9,NYL
mccarja01w,31.0,31.0,816.0,425.0,52.0,116.0,168.0,66.0,45.0,26.0,67.0,78.0,314.0,168.0,115.0,89.0,8.0,0.0,1.0,74.0,205.0,1982-11-03,0000-00-00,10,NYL
mccarst01w,,,,,,,,,,,,,,,,,,,,,,,,1,IND
mccarst01w,32.0,12.0,635.0,230.0,14.0,46.0,60.0,57.0,31.0,6.0,47.0,49.0,166.0,66.0,86.0,71.0,70.0,27.0,0.0,69.0,155.0,1977-06-20,0000-00-00,2,IND
mccarst01w,30.0,0.0,504.0,169.0,13.0,42.0,55.0,58.0,26.0,14.0,38.0,50.0,137.0,52.0,55.0,42.0,57.0,23.0,0.0,69.0,155.0,1977-06-20,0000-00-00,4,IND
mccarst01w,28.0,10.0,577.0,194.0,14.0,27.0,41.0,58.0,34.0,6.0,37.0,60.0,173.0,60.0,48.0,45.0,84.0,29.0,0.0,69.0,155.0,1977-06-20,0000-00-00,5,IND
mcconsu01w,,,,,,,,,,,,,,,,,,,,,,,,1,CLE
mccouan01w,,,,,,,,,,,,,,,,,,,,,,,,10,ATL
mccrani01w,,,,,,,,,,,,,,,,,,,,,,,,1,WAS
mccrani01w,32.0,32.0,1046.0,497.0,22.0,34.0,56.0,85.0,45.0,5.0,89.0,79.0,385.0,167.0,147.0,113.0,151.0,50.0,0.0,71.0,158.0,1971-12-11,0000-00-00,2,WAS
mccrani01w,32.0,32.0,828.0,351.0,22.0,34.0,56.0,47.0,26.0,0.0,73.0,68.0,290.0,119.0,128.0,91.0,95.0,22.0,1.0,71.0,158.0,1971-12-11,0000-00-00,3,IND
mccrani01w,32.0,32.0,1058.0,369.0,29.0,68.0,97.0,70.0,28.0,3.0,82.0,73.0,318.0,132.0,103.0,84.0,66.0,21.0,2.0,71.0,158.0,1971-12-11,0000-00-00,4,IND
mccrani01w,34.0,32.0,734.0,131.0,18.0,33.0,51.0,49.0,37.0,2.0,44.0,67.0,138.0,52.0,24.0,20.0,32.0,7.0,1.0,71.0,158.0,1971-12-11,0000-00-00,5,PHO
mccrani01w,27.0,9.0,371.0,69.0,10.0,19.0,29.0,13.0,7.0,0.0,18.0,35.0,67.0,30.0,7.0,4.0,11.0,5.0,0.0,71.0,158.0,1971-12-11,0000-00-00,6,SAS
mccrani01w,23.0,5.0,302.0,38.0,7.0,13.0,20.0,16.0,11.0,0.0,18.0,26.0,62.0,15.0,11.0,7.0,20.0,1.0,0.0,71.0,158.0,1971-12-11,0000-00-00,7,CHI
mccrini01w,,,,,,,,,,,,,,,,,,,,,,,,1,LAS
mccrini01w,32.0,0.0,488.0,101.0,9.0,23.0,32.0,65.0,29.0,8.0,48.0,41.0,77.0,39.0,14.0,7.0,33.0,16.0,0.0,68.0,125.0,1972-03-22,0000-00-00,2,LAS
mccrini01w,28.0,0.0,350.0,64.0,3.0,9.0,12.0,63.0,21.0,0.0,22.0,19.0,63.0,28.0,7.0,3.0,12.0,5.0,0.0,68.0,125.0,1972-03-22,0000-00-00,3,LAS
mccrini01w,32.0,0.0,356.0,51.0,9.0,14.0,23.0,53.0,22.0,3.0,24.0,22.0,49.0,20.0,11.0,7.0,15.0,4.0,0.0,68.0,125.0,1972-03-22,0000-00-00,4,LAS
mcculda01w,,,,,,,,,,,,,,,,,,,,,,,,1,IND
mcculda01w,29.0,2.0,456.0,175.0,45.0,37.0,82.0,19.0,16.0,22.0,37.0,63.0,153.0,63.0,63.0,46.0,17.0,3.0,1.0,75.0,180.0,1975-01-18,0000-00-00,2,IND
mcculda01w,8.0,2.0,90.0,28.0,4.0,13.0,17.0,5.0,0.0,2.0,7.0,12.0,18.0,5.0,18.0,17.0,2.0,1.0,0.0,75.0,180.0,1975-01-18,0000-00-00,3,SEA
mcculda01w,4.0,1.0,43.0,2.0,3.0,4.0,7.0,1.0,1.0,0.0,2.0,5.0,12.0,0.0,2.0,2.0,3.0,0.0,0.0,75.0,180.0,1975-01-18,0000-00-00,4,SEA
mcgheca01w,,,,,,,,,,,,,,,,,,,,,,,,1,ORL
mcgheca01w,32.0,0.0,408.0,87.0,27.0,37.0,64.0,23.0,21.0,5.0,31.0,58.0,83.0,30.0,39.0,27.0,3.0,0.0,0.0,73.0,179.0,1968-03-06,0000-00-00,2,ORL
mcgheca01w,17.0,0.0,71.0,14.0,3.0,7.0,10.0,0.0,1.0,1.0,6.0,9.0,24.0,6.0,4.0,2.0,0.0,0.0,0.0,73.0,179.0,1968-03-06,0000-00-00,3,ORL
mckivte01w,,,,,,,,,,,,,,,,,,,,,,,,4,CHA
mckivte01w,31.0,1.0,341.0,105.0,37.0,54.0,91.0,6.0,14.0,24.0,27.0,58.0,78.0,41.0,31.0,23.0,1.0,0.0,0.0,75.0,220.0,1980-10-05,0000-00-00,5,CHA
mckivte01w,9.0,0.0,77.0,35.0,9.0,9.0,18.0,0.0,2.0,6.0,5.0,21.0,27.0,14.0,14.0,7.0,0.0,0.0,0.0,75.0,220.0,1980-10-05,0000-00-00,6,CHA
mckivte01w,31.0,1.0,362.0,113.0,29.0,36.0,65.0,7.0,14.0,18.0,26.0,71.0,91.0,44.0,36.0,25.0,0.0,0.0,0.0,75.0,220.0,1980-10-05,0000-00-00,8,PHO
mcwilta01w,,,,,,,,,,,,,,,,,,,,,,,,1,ORL
mcwilta01w,32.0,32.0,1098.0,438.0,90.0,154.0,244.0,54.0,59.0,31.0,83.0,86.0,330.0,173.0,122.0,87.0,17.0,5.0,0.0,74.0,188.0,1970-10-20,0000-00-00,2,ORL
mcwilta01w,32.0,32.0,1059.0,403.0,114.0,129.0,243.0,69.0,52.0,50.0,80.0,74.0,331.0,157.0,117.0,87.0,10.0,2.0,1.0,74.0,188.0,1970-10-20,0000-00-00,3,ORL
mcwilta01w,13.0,12.0,383.0,110.0,21.0,42.0,63.0,13.0,19.0,14.0,22.0,40.0,82.0,41.0,31.0,27.0,3.0,1.0,1.0,74.0,188.0,1970-10-20,0000-00-00,4,CON
mcwilta01w,34.0,34.0,983.0,354.0,78.0,149.0,227.0,49.0,43.0,33.0,54.0,103.0,301.0,133.0,102.0,76.0,43.0,12.0,1.0,74.0,188.0,1970-10-20,0000-00-00,5,CON
mcwilta01w,34.0,34.0,1133.0,413.0,83.0,161.0,244.0,63.0,48.0,45.0,73.0,96.0,352.0,168.0,128.0,77.0,12.0,0.0,1.0,74.0,188.0,1970-10-20,0000-00-00,6,CON
mcwilta01w,34.0,34.0,1083.0,471.0,78.0,170.0,248.0,65.0,37.0,25.0,59.0,80.0,364.0,180.0,136.0,107.0,18.0,4.0,1.0,74.0,188.0,1970-10-20,0000-00-00,7,CON
mcwilta01w,32.0,32.0,996.0,410.0,104.0,202.0,306.0,80.0,35.0,31.0,78.0,75.0,329.0,164.0,110.0,81.0,8.0,1.0,0.0,74.0,188.0,1970-10-20,0000-00-00,8,LAS
mcwilta01w,29.0,27.0,851.0,321.0,69.0,101.0,170.0,49.0,34.0,30.0,50.0,75.0,255.0,125.0,88.0,68.0,13.0,3.0,1.0,74.0,188.0,1970-10-20,0000-00-00,9,WAS
mcwilta01w,29.0,27.0,851.0,321.0,69.0,101.0,170.0,49.0,34.0,30.0,50.0,75.0,255.0,125.0,88.0,68.0,13.0,3.0,1.0,74.0,188.0,1970-10-20,0000-00-00,9,DET
mcwilta01w,33.0,33.0,1047.0,422.0,76.0,162.0,238.0,54.0,47.0,30.0,84.0,80.0,344.0,174.0,85.0,66.0,26.0,8.0,0.0,74.0,188.0,1970-10-20,0000-00-00,10,DET
melvich01w,,,,,,,,,,,,,,,,,,,,,,,,1,CLE
melvich01w,32.0,32.0,904.0,373.0,69.0,103.0,172.0,61.0,29.0,18.0,62.0,113.0,289.0,136.0,137.0,100.0,7.0,1.0,4.0,75.0,185.0,1976-05-03,0000-00-00,2,CLE
melvich01w,27.0,20.0,754.0,266.0,66.0,88.0,154.0,50.0,24.0,16.0,45.0,81.0,215.0,102.0,86.0,60.0,2.0,2.0,0.0,75.0,185.0,1976-05-03,0000-00-00,3,CLE
melvich01w,32.0,32.0,1055.0,399.0,84.0,110.0,194.0,57.0,28.0,18.0,74.0,104.0,330.0,153.0,131.0,90.0,6.0,3.0,2.0,75.0,185.0,1976-05-03,0000-00-00,4,CLE
melvich01w,34.0,34.0,1061.0,444.0,82.0,133.0,215.0,52.0,28.0,22.0,67.0,108.0,333.0,159.0,176.0,123.0,11.0,3.0,0.0,75.0,185.0,1976-05-03,0000-00-00,5,WAS
melvich01w,34.0,16.0,825.0,293.0,63.0,68.0,131.0,37.0,15.0,18.0,52.0,89.0,256.0,104.0,111.0,85.0,0.0,0.0,0.0,75.0,185.0,1976-05-03,0000-00-00,6,WAS
melvich01w,34.0,34.0,1051.0,397.0,82.0,117.0,199.0,25.0,31.0,14.0,61.0,113.0,305.0,150.0,138.0,93.0,16.0,4.0,1.0,75.0,185.0,1976-05-03,0000-00-00,7,WAS
melvich01w,34.0,34.0,999.0,405.0,84.0,140.0,224.0,45.0,34.0,26.0,62.0,109.0,294.0,153.0,151.0,99.0,2.0,0.0,1.0,75.0,185.0,1976-05-03,0000-00-00,8,WAS
melvich01w,34.0,34.0,999.0,405.0,84.0,140.0,224.0,45.0,34.0,26.0,62.0,109.0,294.0,153.0,151.0,99.0,2.0,0.0,1.0,75.0,185.0,1976-05-03,0000-00-00,8,CHI
melvich01w,32.0,28.0,935.0,322.0,73.0,140.0,213.0,37.0,38.0,22.0,71.0,101.0,259.0,118.0,129.0,85.0,7.0,1.0,0.0,75.0,185.0,1976-05-03,0000-00-00,9,CHI
melvich01w,34.0,18.0,759.0,278.0,85.0,87.0,172.0,50.0,31.0,10.0,49.0,99.0,221.0,98.0,132.0,81.0,3.0,1.0,1.0,75.0,185.0,1976-05-03,0000-00-00,10,WAS
mendigi01w,,,,,,,,,,,,,,,,,,,,,,,,5,SAC
miaomi01w,,,,,,,,,,,,,,,,,,,,,,,,6,SAC
millebr01w,,,,,,,,,,,,,,,,,,,,,,,,10,DET
milleco01w,,,,,,,,,,,,,,,,,,,,,,,,2,WAS
milleco01w,20.0,0.0,137.0,34.0,5.0,4.0,9.0,8.0,6.0,0.0,13.0,10.0,40.0,13.0,11.0,6.0,6.0,2.0,0.0,69.0,140.0,1978-09-06,0000-00-00,3,WAS
milleco01w,32.0,32.0,904.0,298.0,44.0,72.0,116.0,82.0,33.0,2.0,59.0,84.0,263.0,114.0,56.0,46.0,64.0,24.0,0.0,69.0,140.0,1978-09-06,0000-00-00,4,WAS
milleco01w,33.0,33.0,1076.0,413.0,55.0,72.0,127.0,86.0,39.0,7.0,53.0,95.0,382.0,172.0,53.0,37.0,89.0,32.0,1.0,69.0,140.0,1978-09-06,0000-00-00,5,WAS
milleco01w,33.0,8.0,637.0,160.0,35.0,28.0,63.0,43.0,18.0,3.0,27.0,60.0,167.0,72.0,14.0,11.0,19.0,5.0,0.0,69.0,140.0,1978-09-06,0000-00-00,6,WAS
milleco01w,34.0,4.0,500.0,153.0,24.0,35.0,59.0,44.0,26.0,3.0,28.0,53.0,160.0,68.0,10.0,8.0,24.0,9.0,0.0,69.0,140.0,1978-09-06,0000-00-00,7,WAS
milleco01w,34.0,4.0,658.0,206.0,36.0,55.0,91.0,59.0,34.0,4.0,49.0,73.0,171.0,84.0,29.0,26.0,30.0,12.0,1.0,69.0,140.0,1978-09-06,0000-00-00,8,WAS
milleco01w,30.0,2.0,455.0,120.0,20.0,29.0,49.0,25.0,19.0,2.0,29.0,45.0,116.0,47.0,16.0,16.0,25.0,10.0,0.0,69.0,140.0,1978-09-06,0000-00-00,9,WAS
milleco01w,34.0,6.0,710.0,179.0,46.0,39.0,85.0,47.0,26.0,5.0,58.0,63.0,217.0,77.0,16.0,10.0,53.0,15.0,0.0,69.0,140.0,1978-09-06,0000-00-00,10,ATL
milleke01w,,,,,,,,,,,,,,,,,,,,,,,,2,CHA
milleke01w,26.0,0.0,225.0,55.0,11.0,17.0,28.0,14.0,9.0,0.0,9.0,14.0,57.0,22.0,5.0,4.0,19.0,7.0,0.0,70.0,140.0,1978-09-06,0000-00-00,3,CHA
milleke01w,32.0,0.0,554.0,211.0,31.0,37.0,68.0,49.0,22.0,1.0,27.0,39.0,177.0,79.0,38.0,29.0,51.0,24.0,0.0,70.0,140.0,1978-09-06,0000-00-00,4,CHA
milleke01w,34.0,0.0,523.0,189.0,20.0,33.0,53.0,47.0,18.0,2.0,35.0,44.0,167.0,68.0,40.0,31.0,52.0,22.0,0.0,70.0,140.0,1978-09-06,0000-00-00,5,IND
milleke01w,34.0,34.0,1096.0,348.0,28.0,80.0,108.0,106.0,37.0,5.0,74.0,81.0,326.0,126.0,57.0,50.0,112.0,46.0,3.0,70.0,140.0,1978-09-06,0000-00-00,6,IND
milleke01w,34.0,34.0,1057.0,348.0,26.0,60.0,86.0,81.0,40.0,2.0,53.0,81.0,278.0,122.0,79.0,67.0,114.0,37.0,1.0,70.0,140.0,1978-09-06,0000-00-00,7,PHO
milleke01w,27.0,24.0,814.0,296.0,41.0,103.0,144.0,94.0,28.0,6.0,73.0,74.0,259.0,109.0,62.0,48.0,79.0,30.0,0.0,70.0,140.0,1978-09-06,0000-00-00,8,PHO
milleke01w,34.0,34.0,1040.0,321.0,47.0,121.0,168.0,156.0,42.0,5.0,86.0,94.0,240.0,115.0,82.0,64.0,70.0,27.0,1.0,70.0,140.0,1978-09-06,0000-00-00,9,PHO
milleke01w,34.0,34.0,945.0,283.0,50.0,98.0,148.0,135.0,22.0,4.0,84.0,66.0,262.0,107.0,58.0,49.0,52.0,20.0,0.0,70.0,140.0,1978-09-06,0000-00-00,10,MIN
millsta01w,,,,,,,,,,,,,,,,,,,,,,,,1,WAS
millsta01w,31.0,0.0,295.0,130.0,39.0,41.0,80.0,9.0,10.0,8.0,37.0,71.0,105.0,46.0,51.0,38.0,0.0,0.0,1.0,75.0,232.0,1976-02-29,0000-00-00,2,WAS
millsta01w,30.0,0.0,319.0,64.0,40.0,65.0,105.0,6.0,14.0,4.0,25.0,72.0,69.0,23.0,31.0,18.0,1.0,0.0,0.0,75.0,232.0,1976-02-29,0000-00-00,3,WAS
millsta01w,4.0,0.0,17.0,0.0,0.0,3.0,3.0,0.0,1.0,0.0,2.0,3.0,4.0,0.0,2.0,0.0,0.0,0.0,0.0,75.0,232.0,1976-02-29,0000-00-00,4,SAS
millsta01w,29.0,0.0,185.0,58.0,27.0,28.0,55.0,7.0,4.0,2.0,23.0,58.0,49.0,20.0,31.0,18.0,0.0,0.0,1.0,75.0,232.0,1976-02-29,0000-00-00,8,DET
miltode01w,,,,,,,,,,,,,,,,,,,,,,,,1,LAS
miltode01w,32.0,32.0,983.0,378.0,55.0,139.0,194.0,68.0,44.0,29.0,67.0,124.0,293.0,150.0,102.0,76.0,8.0,2.0,3.0,73.0,185.0,1974-09-11,0000-00-00,2,LAS
miltode01w,32.0,27.0,938.0,330.0,71.0,98.0,169.0,68.0,49.0,29.0,58.0,101.0,296.0,134.0,63.0,50.0,35.0,12.0,0.0,73.0,185.0,1974-09-11,0000-00-00,3,LAS
miltode01w,32.0,25.0,966.0,362.0,65.0,146.0,211.0,45.0,50.0,35.0,94.0,122.0,271.0,132.0,104.0,77.0,50.0,21.0,3.0,73.0,185.0,1974-09-11,0000-00-00,4,LAS
miltode01w,31.0,30.0,1086.0,416.0,59.0,161.0,220.0,64.0,49.0,41.0,79.0,109.0,328.0,139.0,143.0,115.0,61.0,23.0,3.0,73.0,185.0,1974-09-11,0000-00-00,5,LAS
miltode01w,19.0,19.0,604.0,186.0,35.0,55.0,90.0,31.0,23.0,10.0,48.0,63.0,161.0,65.0,62.0,45.0,37.0,11.0,1.0,73.0,185.0,1974-09-11,0000-00-00,6,WAS
miltode01w,33.0,30.0,1069.0,394.0,45.0,127.0,172.0,58.0,57.0,18.0,75.0,117.0,331.0,138.0,99.0,79.0,119.0,39.0,4.0,73.0,185.0,1974-09-11,0000-00-00,7,WAS
miltode01w,23.0,20.0,675.0,335.0,23.0,89.0,112.0,48.0,35.0,17.0,67.0,87.0,265.0,125.0,63.0,51.0,79.0,34.0,2.0,73.0,185.0,1974-09-11,0000-00-00,8,WAS
miltode01w,34.0,34.0,1141.0,456.0,45.0,172.0,217.0,55.0,52.0,38.0,121.0,107.0,473.0,165.0,116.0,98.0,119.0,28.0,2.0,73.0,185.0,1974-09-11,0000-00-00,9,LAS
miltode01w,31.0,31.0,1016.0,431.0,64.0,132.0,196.0,73.0,34.0,18.0,99.0,109.0,344.0,165.0,93.0,72.0,81.0,29.0,0.0,73.0,185.0,1974-09-11,0000-00-00,10,LAS
mitchle01w,,,,,,,,,,,,,,,,,,,,,,,,9,NYL
mitchle01w,34.0,5.0,518.0,131.0,14.0,43.0,57.0,97.0,17.0,3.0,39.0,43.0,105.0,39.0,42.0,34.0,47.0,19.0,0.0,65.0,130.0,1985-06-15,0000-00-00,10,NYL
moeggli01w,,,,,,,,,,,,,,,,,,,,,,,,7,CHI
moeggli01w,27.0,1.0,277.0,58.0,27.0,19.0,46.0,17.0,10.0,6.0,15.0,14.0,63.0,20.0,30.0,14.0,12.0,4.0,0.0,73.0,195.0,1984-05-25,0000-00-00,8,CHI
moisead01w,,,,,,,,,,,,,,,,,,,,,,,,2,PHO
moisead01w,7.0,0.0,123.0,41.0,4.0,12.0,16.0,17.0,6.0,0.0,16.0,11.0,36.0,14.0,12.0,9.0,12.0,4.0,0.0,66.0,140.0,1978-12-06,0000-00-00,3,PHO
moisead01w,32.0,4.0,619.0,193.0,15.0,45.0,60.0,79.0,30.0,3.0,72.0,53.0,164.0,63.0,60.0,48.0,66.0,19.0,0.0,66.0,140.0,1978-12-06,0000-00-00,8,PHO
montaan01w,,,,,,,,,,,,,,,,,,,,,,,,10,MIN
montgre01w,,,,,,,,,,,,,,,,,,,,,,,,10,MIN
mooreja01w,,,,,,,,,,,,,,,,,,,,,,,,3,IND
mooreje01w,,,,,,,,,,,,,,,,,,,,,,,,6,CHA
mooreje01w,,,,,,,,,,,,,,,,,,,,,,,,6,LAS
mooreje01w,21.0,0.0,158.0,11.0,5.0,8.0,13.0,3.0,4.0,0.0,9.0,30.0,11.0,5.0,2.0,1.0,0.0,0.0,1.0,75.0,175.0,1982-07-09,0000-00-00,7,LAS
mooreje01w,34.0,33.0,653.0,147.0,35.0,63.0,98.0,24.0,22.0,9.0,28.0,79.0,136.0,59.0,38.0,29.0,2.0,0.0,1.0,75.0,175.0,1982-07-09,0000-00-00,8,LAS
mooreje01w,29.0,17.0,440.0,123.0,36.0,52.0,88.0,18.0,6.0,6.0,33.0,64.0,121.0,48.0,42.0,27.0,0.0,0.0,1.0,75.0,175.0,1982-07-09,0000-00-00,9,LAS
mooreje01w,28.0,2.0,309.0,39.0,17.0,28.0,45.0,17.0,4.0,5.0,17.0,48.0,43.0,14.0,16.0,11.0,0.0,0.0,0.0,75.0,175.0,1982-07-09,0000-00-00,10,IND
moorelo01w,,,,,,,,,,,,,,,,,,,,,,,,6,NYL
moorelo01w,24.0,0.0,182.0,22.0,4.0,23.0,27.0,19.0,10.0,0.0,25.0,12.0,23.0,9.0,9.0,4.0,2.0,0.0,0.0,69.0,165.0,1983-03-21,0000-00-00,7,NYL
moorelo01w,34.0,29.0,952.0,208.0,31.0,113.0,144.0,122.0,61.0,10.0,65.0,90.0,201.0,68.0,51.0,37.0,96.0,35.0,0.0,69.0,165.0,1983-03-21,0000-00-00,8,NYL
moorelo01w,34.0,33.0,1163.0,327.0,40.0,98.0,138.0,163.0,75.0,5.0,99.0,93.0,289.0,119.0,58.0,34.0,135.0,55.0,1.0,69.0,165.0,1983-03-21,0000-00-00,9,NYL
moorelo01w,29.0,29.0,809.0,154.0,30.0,82.0,112.0,132.0,44.0,4.0,77.0,71.0,161.0,55.0,24.0,20.0,83.0,24.0,0.0,69.0,165.0,1983-03-21,0000-00-00,10,NYL
moorena01w,,,,,,,,,,,,,,,,,,,,,,,,8,MIN
moorena01w,19.0,0.0,87.0,21.0,3.0,12.0,15.0,4.0,3.0,0.0,7.0,21.0,26.0,7.0,8.0,6.0,8.0,1.0,0.0,70.0,145.0,1984-11-04,0000-00-00,9,MIN
mooreta01w,,,,,,,,,,,,,,,,,,,,,,,,3,MIA
mooreta01w,,,,,,,,,,,,,,,,,,,,,,,,3,MIN
mooreta01w,31.0,23.0,736.0,224.0,23.0,60.0,83.0,88.0,30.0,9.0,85.0,81.0,197.0,71.0,63.0,54.0,77.0,28.0,0.0,71.0,167.0,1980-04-11,0000-00-00,4,DET
mooreta01w,31.0,23.0,736.0,224.0,23.0,60.0,83.0,88.0,30.0,9.0,85.0,81.0,197.0,71.0,63.0,54.0,77.0,28.0,0.0,71.0,167.0,1980-04-11,0000-00-00,4,PHO
mooreta01w,26.0,0.0,176.0,54.0,6.0,22.0,28.0,12.0,9.0,6.0,16.0,14.0,42.0,19.0,19.0,16.0,9.0,0.0,0.0,71.0,167.0,1980-04-11,0000-00-00,5,PHO
mooreta01w,32.0,0.0,387.0,82.0,7.0,21.0,28.0,53.0,26.0,9.0,34.0,46.0,61.0,27.0,29.0,25.0,10.0,3.0,0.0,71.0,167.0,1980-04-11,0000-00-00,6,NYL
mooreta01w,7.0,0.0,48.0,11.0,0.0,7.0,7.0,6.0,0.0,0.0,4.0,6.0,6.0,4.0,2.0,2.0,3.0,1.0,0.0,71.0,167.0,1980-04-11,0000-00-00,7,LAS
mooreta01w,34.0,33.0,634.0,206.0,16.0,55.0,71.0,65.0,33.0,8.0,38.0,59.0,145.0,68.0,66.0,53.0,49.0,17.0,0.0,71.0,167.0,1980-04-11,0000-00-00,8,HOU
moosca01w,,,,,,,,,,,,,,,,,,,,,,,,3,MIA
mosbybe01w,,,,,,,,,,,,,,,,,,,,,,,,8,WAS
mosbybe01w,28.0,0.0,279.0,83.0,25.0,53.0,78.0,10.0,8.0,6.0,19.0,22.0,62.0,30.0,28.0,23.0,1.0,0.0,0.0,73.0,172.0,1984-02-14,0000-00-00,9,WAS
mosbybe01w,24.0,1.0,183.0,48.0,17.0,36.0,53.0,2.0,2.0,7.0,12.0,20.0,51.0,20.0,12.0,8.0,0.0,0.0,0.0,73.0,172.0,1984-02-14,0000-00-00,10,WAS
moweje01w,,,,,,,,,,,,,,,,,,,,,,,,2,POR
moweje01w,5.0,0.0,17.0,6.0,1.0,2.0,3.0,0.0,0.0,1.0,2.0,5.0,3.0,3.0,0.0,0.0,0.0,0.0,0.0,77.0,236.0,1978-02-25,0000-00-00,3,POR
moweje01w,5.0,0.0,16.0,1.0,1.0,0.0,1.0,0.0,0.0,0.0,1.0,3.0,1.0,0.0,2.0,1.0,0.0,0.0,0.0,77.0,236.0,1978-02-25,0000-00-00,4,LAS
mulitna01w,,,,,,,,,,,,,,,,,,,,,,,,1,UTA
murphsh01w,,,,,,,,,,,,,,,,,,,,,,,,8,MIN
murphsh01w,32.0,0.0,436.0,165.0,50.0,54.0,104.0,17.0,19.0,8.0,20.0,48.0,145.0,54.0,46.0,39.0,66.0,18.0,0.0,71.0,164.0,1985-04-15,0000-00-00,9,MIN
murphsh01w,32.0,0.0,436.0,165.0,50.0,54.0,104.0,17.0,19.0,8.0,20.0,48.0,145.0,54.0,46.0,39.0,66.0,18.0,0.0,71.0,164.0,1985-04-15,0000-00-00,9,DET
murphsh01w,32.0,0.0,436.0,165.0,50.0,54.0,104.0,17.0,19.0,8.0,20.0,48.0,145.0,54.0,46.0,39.0,66.0,18.0,0.0,71.0,164.0,1985-04-15,0000-00-00,9,WAS
murphsh01w,17.0,3.0,138.0,37.0,13.0,13.0,26.0,8.0,6.0,2.0,11.0,19.0,48.0,14.0,6.0,4.0,20.0,5.0,0.0,71.0,164.0,1985-04-15,0000-00-00,10,IND
nagyan01w,,,,,,,,,,,,,,,,,,,,,,,,1,WAS
nagyan01w,23.0,23.0,694.0,97.0,10.0,53.0,63.0,118.0,17.0,8.0,55.0,55.0,79.0,31.0,26.0,21.0,39.0,14.0,0.0,67.0,147.0,1971-11-16,0000-00-00,2,NYL
nagyan01w,23.0,0.0,213.0,34.0,0.0,9.0,9.0,24.0,2.0,3.0,23.0,25.0,31.0,13.0,4.0,2.0,12.0,6.0,1.0,67.0,147.0,1971-11-16,0000-00-00,3,SAC
nanch01w,,,,,,,,,,,,,,,,,,,,,,,,10,CHI
ndiayas01w,,,,,,,,,,,,,,,,,,,,,,,,1,DET
ndiayas01w,32.0,32.0,868.0,346.0,65.0,122.0,187.0,40.0,23.0,22.0,64.0,87.0,333.0,158.0,51.0,29.0,6.0,1.0,0.0,75.0,182.0,1973-11-05,0000-00-00,2,DET
ndiayas01w,32.0,31.0,913.0,376.0,60.0,111.0,171.0,49.0,22.0,28.0,73.0,82.0,341.0,156.0,76.0,59.0,15.0,5.0,1.0,75.0,182.0,1973-11-05,0000-00-00,3,DET
ndiayas01w,32.0,32.0,776.0,275.0,44.0,118.0,162.0,39.0,17.0,12.0,58.0,65.0,270.0,126.0,39.0,23.0,2.0,0.0,0.0,75.0,182.0,1973-11-05,0000-00-00,4,DET
ndiayas01w,11.0,2.0,70.0,20.0,5.0,9.0,14.0,1.0,3.0,1.0,9.0,3.0,21.0,10.0,2.0,0.0,0.0,0.0,0.0,75.0,182.0,1973-11-05,0000-00-00,5,IND
ndiayas01w,10.0,0.0,74.0,12.0,2.0,9.0,11.0,4.0,1.0,3.0,8.0,7.0,19.0,5.0,4.0,2.0,0.0,0.0,0.0,75.0,182.0,1973-11-05,0000-00-00,7,HOU
ndiayas01w,11.0,3.0,127.0,35.0,10.0,20.0,30.0,8.0,1.0,1.0,10.0,14.0,35.0,16.0,6.0,3.0,0.0,0.0,0.0,75.0,182.0,1973-11-05,0000-00-00,8,SEA
ndongem01w,,,,,,,,,,,,,,,,,,,,,,,,7,LAS
nemcoev01w,,,,,,,,,,,,,,,,,,,,,,,,1,CLE
nemcoev01w,14.0,14.0,443.0,185.0,9.0,32.0,41.0,23.0,15.0,8.0,27.0,29.0,164.0,67.0,24.0,22.0,71.0,29.0,0.0,74.0,178.0,1972-12-03,0000-00-00,2,CLE
nevescl01w,,,,,,,,,,,,,,,,,,,,,,,,1,DET
nevescl01w,30.0,20.0,636.0,179.0,8.0,27.0,35.0,59.0,31.0,1.0,55.0,30.0,166.0,63.0,30.0,25.0,92.0,28.0,0.0,68.0,136.0,1975-02-17,0000-00-00,2,DET
nevescl01w,22.0,15.0,407.0,95.0,3.0,26.0,29.0,34.0,21.0,0.0,28.0,21.0,94.0,34.0,8.0,8.0,52.0,19.0,0.0,68.0,136.0,1975-02-17,0000-00-00,3,MIA
newtoch01w,,,,,,,,,,,,,,,,,,,,,,,,6,SAC
newtoch01w,34.0,34.0,715.0,148.0,32.0,34.0,66.0,55.0,24.0,9.0,37.0,102.0,149.0,60.0,36.0,22.0,25.0,6.0,0.0,71.0,154.0,1983-02-17,0000-00-00,7,CHI
newtoch01w,27.0,11.0,648.0,176.0,19.0,52.0,71.0,58.0,36.0,7.0,40.0,69.0,155.0,52.0,80.0,59.0,49.0,13.0,0.0,71.0,154.0,1983-02-17,0000-00-00,8,SAC
newtoch01w,34.0,34.0,696.0,219.0,28.0,34.0,62.0,46.0,31.0,6.0,42.0,96.0,197.0,74.0,78.0,60.0,33.0,11.0,2.0,71.0,154.0,1983-02-17,0000-00-00,9,SAC
newtoch01w,26.0,0.0,393.0,117.0,13.0,22.0,35.0,28.0,30.0,1.0,25.0,56.0,95.0,38.0,51.0,39.0,7.0,2.0,0.0,71.0,154.0,1983-02-17,0000-00-00,10,SAC
ngarsch01w,,,,,,,,,,,,,,,,,,,,,,,,7,NYL
ngoyibe01w,,,,,,,,,,,,,,,,,,,,,,,,3,NYL
ngoyibe01w,7.0,0.0,12.0,6.0,1.0,4.0,5.0,0.0,0.0,2.0,0.0,2.0,5.0,3.0,0.0,0.0,0.0,0.0,0.0,76.0,195.0,1982-08-26,0000-00-00,6,SAS
ngoyibe01w,26.0,0.0,251.0,111.0,17.0,44.0,61.0,5.0,5.0,2.0,25.0,45.0,81.0,46.0,26.0,19.0,0.0,0.0,1.0,76.0,195.0,1982-08-26,0000-00-00,7,CHI
ngoyibe01w,30.0,23.0,627.0,302.0,65.0,105.0,170.0,28.0,14.0,7.0,60.0,89.0,231.0,122.0,98.0,58.0,0.0,0.0,1.0,76.0,195.0,1982-08-26,0000-00-00,9,IND
nieuwma01w,,,,,,,,,,,,,,,,,,,,,,,,6,LAS
nnamach01w,,,,,,,,,,,,,,,,,,,,,,,,9,ATL
nolande01w,,,,,,,,,,,,,,,,,,,,,,,,2,DET
nolande01w,27.0,0.0,545.0,192.0,16.0,37.0,53.0,30.0,17.0,6.0,35.0,43.0,194.0,64.0,53.0,43.0,73.0,21.0,0.0,69.0,147.0,1979-08-25,0000-00-00,3,DET
nolande01w,32.0,32.0,804.0,277.0,17.0,70.0,87.0,62.0,27.0,12.0,61.0,74.0,248.0,103.0,36.0,29.0,114.0,42.0,1.0,69.0,147.0,1979-08-25,0000-00-00,4,DET
nolande01w,32.0,32.0,954.0,396.0,12.0,95.0,107.0,83.0,41.0,14.0,69.0,65.0,312.0,136.0,96.0,76.0,114.0,48.0,0.0,69.0,147.0,1979-08-25,0000-00-00,5,DET
nolande01w,34.0,34.0,1138.0,464.0,29.0,105.0,134.0,112.0,66.0,12.0,90.0,75.0,435.0,166.0,124.0,99.0,114.0,33.0,1.0,69.0,147.0,1979-08-25,0000-00-00,6,DET
nolande01w,33.0,33.0,1213.0,524.0,31.0,125.0,156.0,121.0,55.0,14.0,100.0,64.0,462.0,184.0,160.0,128.0,90.0,28.0,0.0,69.0,147.0,1979-08-25,0000-00-00,7,DET
nolande01w,34.0,34.0,1088.0,468.0,32.0,121.0,153.0,124.0,47.0,11.0,86.0,79.0,425.0,172.0,100.0,85.0,113.0,39.0,1.0,69.0,147.0,1979-08-25,0000-00-00,8,DET
nolande01w,34.0,34.0,1175.0,553.0,35.0,113.0,148.0,132.0,49.0,12.0,82.0,69.0,480.0,221.0,79.0,65.0,117.0,46.0,0.0,69.0,147.0,1979-08-25,0000-00-00,9,DET
nolande01w,34.0,34.0,1144.0,538.0,26.0,107.0,133.0,150.0,42.0,10.0,73.0,68.0,465.0,216.0,73.0,63.0,115.0,43.0,1.0,69.0,147.0,1979-08-25,0000-00-00,10,DET
nygaava01w,,,,,,,,,,,,,,,,,,,,,,,,1,POR
nygaava01w,32.0,28.0,843.0,253.0,50.0,71.0,121.0,30.0,17.0,5.0,38.0,98.0,209.0,91.0,54.0,41.0,90.0,30.0,2.0,73.0,166.0,1975-03-13,0000-00-00,2,POR
nygaava01w,31.0,0.0,259.0,76.0,13.0,22.0,35.0,10.0,6.0,2.0,14.0,48.0,72.0,28.0,3.0,1.0,49.0,19.0,0.0,73.0,166.0,1975-03-13,0000-00-00,3,MIA
nygaava01w,29.0,22.0,443.0,120.0,27.0,40.0,67.0,9.0,11.0,1.0,13.0,49.0,101.0,43.0,13.0,10.0,64.0,24.0,0.0,73.0,166.0,1975-03-13,0000-00-00,4,LAS
ogayu01w,,,,,,,,,,,,,,,,,,,,,,,,9,PHO
ohldeni01w,,,,,,,,,,,,,,,,,,,,,,,,5,MIN
ohldeni01w,34.0,34.0,1018.0,397.0,83.0,111.0,194.0,60.0,16.0,45.0,74.0,103.0,308.0,136.0,177.0,125.0,2.0,0.0,1.0,77.0,190.0,1982-03-13,0000-00-00,6,MIN
ohldeni01w,34.0,34.0,1038.0,382.0,63.0,131.0,194.0,78.0,21.0,22.0,84.0,92.0,292.0,133.0,142.0,116.0,2.0,0.0,1.0,77.0,190.0,1982-03-13,0000-00-00,7,MIN
ohldeni01w,34.0,34.0,870.0,327.0,61.0,129.0,190.0,54.0,20.0,25.0,74.0,99.0,265.0,120.0,131.0,87.0,1.0,0.0,0.0,77.0,190.0,1982-03-13,0000-00-00,8,MIN
ohldeni01w,34.0,34.0,922.0,392.0,69.0,139.0,208.0,56.0,17.0,20.0,82.0,127.0,342.0,128.0,161.0,136.0,0.0,0.0,4.0,77.0,190.0,1982-03-13,0000-00-00,9,MIN
ohldeni01w,34.0,34.0,559.0,197.0,44.0,68.0,112.0,45.0,10.0,22.0,50.0,88.0,161.0,73.0,65.0,51.0,0.0,0.0,1.0,77.0,190.0,1982-03-13,0000-00-00,10,PHO
oneilkr01w,,,,,,,,,,,,,,,,,,,,,,,,9,SEA
osipoir01w,,,,,,,,,,,,,,,,,,,,,,,,7,DET
owenhe01w,,,,,,,,,,,,,,,,,,,,,,,,1,WAS
owenssh01w,,,,,,,,,,,,,,,,,,,,,,,,1,MIA
owenssh01w,31.0,16.0,605.0,131.0,47.0,50.0,97.0,21.0,11.0,26.0,54.0,95.0,131.0,51.0,54.0,29.0,0.0,0.0,3.0,74.0,175.0,1978-05-16,0000-00-00,3,CHA
pageda01w,,,,,,,,,,,,,,,,,,,,,,,,9,CON
pagemu01w,,,,,,,,,,,,,,,,,,,,,,,,1,WAS
pagemu01w,32.0,32.0,1046.0,314.0,79.0,129.0,208.0,64.0,23.0,32.0,63.0,103.0,222.0,131.0,92.0,52.0,0.0,0.0,2.0,74.0,160.0,1975-09-18,0000-00-00,2,WAS
pagemu01w,32.0,32.0,989.0,225.0,74.0,103.0,177.0,55.0,30.0,36.0,60.0,88.0,231.0,100.0,36.0,21.0,17.0,4.0,2.0,74.0,160.0,1975-09-18,0000-00-00,3,WAS
pagemu01w,32.0,15.0,750.0,208.0,55.0,100.0,155.0,37.0,14.0,15.0,45.0,79.0,195.0,88.0,53.0,30.0,4.0,2.0,0.0,74.0,160.0,1975-09-18,0000-00-00,4,WAS
pagemu01w,34.0,34.0,850.0,213.0,62.0,90.0,152.0,35.0,18.0,24.0,41.0,101.0,220.0,83.0,56.0,42.0,12.0,5.0,0.0,74.0,160.0,1975-09-18,0000-00-00,5,WAS
pagemu01w,33.0,19.0,809.0,184.0,40.0,100.0,140.0,36.0,25.0,16.0,30.0,85.0,175.0,81.0,40.0,22.0,3.0,0.0,1.0,74.0,160.0,1975-09-18,0000-00-00,6,WAS
pagemu01w,34.0,4.0,589.0,108.0,21.0,62.0,83.0,25.0,15.0,9.0,23.0,56.0,119.0,47.0,8.0,8.0,22.0,6.0,0.0,74.0,160.0,1975-09-18,0000-00-00,7,LAS
pagemu01w,34.0,4.0,690.0,167.0,40.0,81.0,121.0,33.0,17.0,9.0,30.0,63.0,140.0,66.0,46.0,35.0,3.0,0.0,1.0,74.0,160.0,1975-09-18,0000-00-00,8,LAS
pagemu01w,34.0,8.0,627.0,163.0,33.0,78.0,111.0,45.0,14.0,9.0,25.0,68.0,170.0,71.0,24.0,19.0,10.0,2.0,0.0,74.0,160.0,1975-09-18,0000-00-00,9,LAS
paigeyo01w,,,,,,,,,,,,,,,,,,,,,,,,6,IND
paliesa01w,,,,,,,,,,,,,,,,,,,,,,,,7,DET
palmewe01w,,,,,,,,,,,,,,,,,,,,,,,,1,DET
palmewe01w,32.0,30.0,914.0,441.0,67.0,152.0,219.0,39.0,20.0,10.0,65.0,112.0,373.0,167.0,135.0,95.0,48.0,12.0,2.0,74.0,165.0,1974-08-12,0000-00-00,2,DET
palmewe01w,22.0,22.0,651.0,233.0,38.0,116.0,154.0,23.0,23.0,4.0,48.0,64.0,215.0,91.0,59.0,40.0,33.0,11.0,0.0,74.0,165.0,1974-08-12,0000-00-00,3,DET
palmewe01w,22.0,22.0,651.0,233.0,38.0,116.0,154.0,23.0,23.0,4.0,48.0,64.0,215.0,91.0,59.0,40.0,33.0,11.0,0.0,74.0,165.0,1974-08-12,0000-00-00,3,ORL
palmewe01w,32.0,32.0,965.0,364.0,47.0,142.0,189.0,41.0,35.0,8.0,57.0,90.0,301.0,130.0,92.0,62.0,120.0,42.0,0.0,74.0,165.0,1974-08-12,0000-00-00,4,CON
palmewe01w,32.0,1.0,433.0,149.0,29.0,77.0,106.0,16.0,11.0,3.0,35.0,62.0,147.0,58.0,28.0,23.0,46.0,10.0,0.0,74.0,165.0,1974-08-12,0000-00-00,5,CON
palmewe01w,33.0,33.0,786.0,297.0,47.0,135.0,182.0,30.0,23.0,5.0,40.0,77.0,253.0,108.0,85.0,68.0,41.0,13.0,0.0,74.0,165.0,1974-08-12,0000-00-00,6,SAS
palmewe01w,34.0,29.0,882.0,326.0,53.0,140.0,193.0,33.0,20.0,7.0,42.0,74.0,242.0,125.0,70.0,52.0,56.0,24.0,0.0,74.0,165.0,1974-08-12,0000-00-00,7,SEA
palmewe01w,5.0,2.0,120.0,47.0,13.0,25.0,38.0,3.0,5.0,3.0,10.0,17.0,33.0,16.0,19.0,14.0,3.0,1.0,0.0,74.0,165.0,1974-08-12,0000-00-00,8,SEA
parisco01w,,,,,,,,,,,,,,,,,,,,,,,,10,SAC
parkeca01w,,,,,,,,,,,,,,,,,,,,,,,,9,LAS
parkeca01w,33.0,33.0,1109.0,610.0,84.0,229.0,313.0,113.0,42.0,75.0,93.0,91.0,442.0,231.0,187.0,137.0,26.0,11.0,2.0,76.0,175.0,1986-04-19,0000-00-00,10,LAS
pascafl01w,,,,,,,,,,,,,,,,,,,,,,,,9,SEA
pavlimi01w,,,,,,,,,,,,,,,,,,,,,,,,2,UTA
pavlimi01w,10.0,0.0,21.0,1.0,0.0,6.0,6.0,1.0,0.0,2.0,1.0,0.0,2.0,0.0,2.0,1.0,0.0,0.0,0.0,75.0,175.0,1977-11-27,0000-00-00,4,PHO
payeka01w,,,,,,,,,,,,,,,,,,,,,,,,1,MIN
payeka01w,28.0,12.0,408.0,56.0,3.0,27.0,30.0,38.0,8.0,6.0,28.0,49.0,58.0,19.0,9.0,6.0,41.0,12.0,0.0,68.0,150.0,1974-03-06,0000-00-00,2,MIN
payeka01w,32.0,16.0,652.0,91.0,7.0,54.0,61.0,97.0,21.0,0.0,46.0,55.0,78.0,30.0,16.0,11.0,56.0,20.0,0.0,68.0,150.0,1974-03-06,0000-00-00,3,SEA
penicti01w,,,,,,,,,,,,,,,,,,,,,,,,1,SAC
penicti01w,30.0,30.0,936.0,208.0,12.0,77.0,89.0,236.0,70.0,6.0,71.0,71.0,185.0,68.0,107.0,62.0,50.0,10.0,1.0,71.0,145.0,1974-09-18,0000-00-00,2,SAC
penicti01w,23.0,22.0,744.0,144.0,6.0,80.0,86.0,172.0,40.0,8.0,64.0,58.0,124.0,42.0,64.0,49.0,42.0,11.0,1.0,71.0,145.0,1974-09-18,0000-00-00,3,SAC
penicti01w,24.0,24.0,853.0,203.0,7.0,95.0,102.0,192.0,64.0,1.0,69.0,49.0,159.0,60.0,103.0,75.0,32.0,8.0,0.0,71.0,145.0,1974-09-18,0000-00-00,4,SAC
penicti01w,34.0,34.0,1089.0,183.0,29.0,90.0,119.0,229.0,61.0,1.0,81.0,76.0,205.0,62.0,76.0,44.0,60.0,15.0,1.0,71.0,145.0,1974-09-18,0000-00-00,5,SAC
penicti01w,33.0,32.0,970.0,199.0,14.0,88.0,102.0,163.0,64.0,2.0,72.0,64.0,178.0,63.0,70.0,50.0,68.0,23.0,0.0,71.0,145.0,1974-09-18,0000-00-00,6,SAC
penicti01w,34.0,33.0,927.0,195.0,8.0,89.0,97.0,149.0,48.0,6.0,67.0,64.0,172.0,54.0,100.0,79.0,41.0,8.0,0.0,71.0,145.0,1974-09-18,0000-00-00,7,SAC
penicti01w,34.0,34.0,846.0,183.0,10.0,81.0,91.0,116.0,58.0,2.0,67.0,56.0,171.0,58.0,77.0,61.0,31.0,6.0,0.0,71.0,145.0,1974-09-18,0000-00-00,8,SAC
penicti01w,32.0,32.0,757.0,181.0,18.0,65.0,83.0,144.0,49.0,1.0,60.0,59.0,188.0,59.0,73.0,60.0,14.0,3.0,1.0,71.0,145.0,1974-09-18,0000-00-00,9,SAC
penicti01w,33.0,33.0,856.0,284.0,19.0,80.0,99.0,172.0,67.0,4.0,87.0,80.0,222.0,83.0,136.0,110.0,28.0,8.0,1.0,71.0,145.0,1974-09-18,0000-00-00,10,SAC
pennjo01w,,,,,,,,,,,,,,,,,,,,,,,,4,WAS
pennjo01w,30.0,0.0,288.0,86.0,19.0,33.0,52.0,16.0,15.0,1.0,20.0,28.0,78.0,31.0,33.0,22.0,13.0,2.0,0.0,72.0,160.0,1979-09-10,0000-00-00,5,SAS
perkiji01w,,,,,,,,,,,,,,,,,,,,,,,,5,CHA
perkiji01w,4.0,0.0,17.0,3.0,1.0,2.0,3.0,1.0,3.0,0.0,1.0,2.0,5.0,0.0,4.0,3.0,0.0,0.0,0.0,68.0,155.0,1982-02-23,0000-00-00,6,CHA
perkiji01w,30.0,11.0,464.0,150.0,24.0,20.0,44.0,32.0,29.0,9.0,32.0,45.0,151.0,64.0,30.0,19.0,9.0,3.0,0.0,68.0,155.0,1982-02-23,0000-00-00,7,CHI
perkiji01w,30.0,27.0,841.0,282.0,33.0,74.0,107.0,97.0,43.0,13.0,56.0,72.0,299.0,105.0,67.0,54.0,65.0,18.0,0.0,68.0,155.0,1982-02-23,0000-00-00,8,CHI
perkiji01w,33.0,5.0,762.0,386.0,30.0,80.0,110.0,75.0,50.0,7.0,51.0,65.0,330.0,153.0,53.0,41.0,90.0,39.0,1.0,68.0,155.0,1982-02-23,0000-00-00,9,CHI
perkiji01w,34.0,34.0,1083.0,577.0,44.0,93.0,137.0,96.0,64.0,10.0,61.0,76.0,488.0,213.0,119.0,106.0,124.0,45.0,1.0,68.0,155.0,1982-02-23,0000-00-00,10,CHI
pettibr01w,,,,,,,,,,,,,,,,,,,,,,,,1,PHO
pettibr01w,32.0,6.0,583.0,189.0,19.0,41.0,60.0,46.0,31.0,4.0,39.0,62.0,168.0,60.0,61.0,49.0,75.0,20.0,1.0,69.0,150.0,1971-01-01,0000-00-00,2,PHO
pettibr01w,32.0,1.0,497.0,172.0,30.0,30.0,60.0,50.0,28.0,4.0,38.0,47.0,159.0,53.0,56.0,46.0,63.0,20.0,1.0,69.0,150.0,1971-01-01,0000-00-00,3,IND
pettibr01w,32.0,0.0,375.0,113.0,17.0,22.0,39.0,17.0,8.0,0.0,24.0,22.0,107.0,38.0,39.0,28.0,43.0,9.0,0.0,69.0,150.0,1971-01-01,0000-00-00,4,IND
pettibr01w,31.0,0.0,148.0,49.0,5.0,14.0,19.0,8.0,4.0,1.0,8.0,17.0,52.0,15.0,17.0,13.0,27.0,6.0,0.0,69.0,150.0,1971-01-01,0000-00-00,7,PHO
philler01w,,,,,,,,,,,,,,,,,,,,,,,,7,CON
philler01w,34.0,13.0,615.0,182.0,20.0,53.0,73.0,80.0,29.0,2.0,38.0,38.0,145.0,57.0,50.0,44.0,70.0,24.0,1.0,67.0,162.0,1985-05-19,0000-00-00,9,CON
philler01w,8.0,0.0,86.0,41.0,9.0,8.0,17.0,3.0,4.0,1.0,6.0,7.0,28.0,13.0,11.0,9.0,12.0,6.0,0.0,67.0,162.0,1985-05-19,0000-00-00,10,CON
phillta01w,,,,,,,,,,,,,,,,,,,,,,,,1,NYL
phillta01w,31.0,30.0,978.0,427.0,86.0,161.0,247.0,28.0,59.0,21.0,85.0,110.0,364.0,170.0,130.0,85.0,8.0,2.0,5.0,74.0,200.0,1969-03-06,0000-00-00,2,NYL
phillta01w,32.0,32.0,1049.0,489.0,89.0,168.0,257.0,34.0,48.0,17.0,84.0,110.0,410.0,208.0,125.0,73.0,4.0,0.0,0.0,74.0,200.0,1969-03-06,0000-00-00,3,NYL
phillta01w,32.0,31.0,1009.0,451.0,69.0,154.0,223.0,41.0,58.0,14.0,93.0,113.0,373.0,183.0,126.0,85.0,2.0,0.0,2.0,74.0,200.0,1969-03-06,0000-00-00,4,NYL
phillta01w,33.0,32.0,1033.0,372.0,99.0,181.0,280.0,56.0,56.0,28.0,92.0,118.0,358.0,142.0,134.0,87.0,5.0,1.0,3.0,74.0,200.0,1969-03-06,0000-00-00,5,NYL
phillta01w,13.0,13.0,311.0,87.0,28.0,42.0,70.0,16.0,14.0,10.0,33.0,41.0,95.0,33.0,46.0,21.0,0.0,0.0,1.0,74.0,200.0,1969-03-06,0000-00-00,6,HOU
phillta01w,32.0,1.0,366.0,111.0,30.0,49.0,79.0,14.0,11.0,8.0,30.0,56.0,94.0,40.0,48.0,31.0,0.0,0.0,0.0,74.0,200.0,1969-03-06,0000-00-00,7,HOU
phillta01w,21.0,2.0,222.0,59.0,12.0,35.0,47.0,4.0,9.0,5.0,23.0,37.0,52.0,20.0,29.0,19.0,0.0,0.0,1.0,74.0,200.0,1969-03-06,0000-00-00,8,HOU
pierspl01w,,,,,,,,,,,,,,,,,,,,,,,,4,PHO
pierspl01w,33.0,5.0,602.0,198.0,37.0,43.0,80.0,22.0,19.0,13.0,42.0,87.0,177.0,67.0,101.0,64.0,2.0,0.0,1.0,74.0,181.0,1981-08-30,0000-00-00,5,PHO
pierspl01w,31.0,25.0,803.0,290.0,46.0,85.0,131.0,26.0,26.0,17.0,49.0,102.0,253.0,112.0,109.0,66.0,3.0,0.0,4.0,74.0,181.0,1981-08-30,0000-00-00,6,PHO
pierspl01w,31.0,25.0,803.0,290.0,46.0,85.0,131.0,26.0,26.0,17.0,49.0,102.0,253.0,112.0,109.0,66.0,3.0,0.0,4.0,74.0,181.0,1981-08-30,0000-00-00,6,DET
pierspl01w,35.0,11.0,762.0,270.0,46.0,75.0,121.0,34.0,24.0,19.0,74.0,93.0,231.0,91.0,125.0,87.0,2.0,1.0,2.0,74.0,181.0,1981-08-30,0000-00-00,7,DET
pierspl01w,34.0,0.0,565.0,220.0,44.0,88.0,132.0,24.0,18.0,14.0,37.0,84.0,180.0,82.0,80.0,56.0,3.0,0.0,0.0,74.0,181.0,1981-08-30,0000-00-00,8,DET
pierspl01w,34.0,0.0,858.0,396.0,70.0,127.0,197.0,59.0,26.0,29.0,79.0,110.0,312.0,149.0,130.0,98.0,5.0,0.0,5.0,74.0,181.0,1981-08-30,0000-00-00,9,DET
pierspl01w,28.0,0.0,649.0,332.0,64.0,72.0,136.0,63.0,24.0,34.0,48.0,99.0,267.0,122.0,117.0,88.0,2.0,0.0,1.0,74.0,181.0,1981-08-30,0000-00-00,10,DET
pondeca01w,,,,,,,,,,,,,,,,,,,,,,,,7,PHO
pondeca01w,32.0,32.0,1067.0,624.0,37.0,70.0,107.0,98.0,37.0,4.0,45.0,84.0,495.0,219.0,163.0,139.0,126.0,47.0,3.0,69.0,160.0,1983-01-07,0000-00-00,8,PHO
pondeca01w,31.0,31.0,966.0,532.0,15.0,97.0,112.0,123.0,29.0,8.0,69.0,59.0,448.0,193.0,135.0,110.0,108.0,36.0,0.0,69.0,160.0,1983-01-07,0000-00-00,9,PHO
pondeca01w,32.0,32.0,1002.0,679.0,26.0,93.0,119.0,135.0,38.0,5.0,93.0,82.0,567.0,234.0,201.0,170.0,131.0,41.0,1.0,69.0,160.0,1983-01-07,0000-00-00,10,PHO
potthan01w,,,,,,,,,,,,,,,,,,,,,,,,1,MIN
powelel01w,,,,,,,,,,,,,,,,,,,,,,,,1,ORL
powelel01w,20.0,1.0,347.0,72.0,17.0,33.0,50.0,42.0,12.0,1.0,30.0,21.0,66.0,26.0,22.0,17.0,9.0,3.0,0.0,68.0,150.0,1975-08-09,0000-00-00,2,ORL
powelel01w,32.0,32.0,1055.0,357.0,32.0,66.0,98.0,98.0,49.0,7.0,79.0,64.0,296.0,119.0,106.0,80.0,102.0,39.0,0.0,68.0,150.0,1975-08-09,0000-00-00,3,ORL
powelel01w,32.0,32.0,1055.0,357.0,32.0,66.0,98.0,98.0,49.0,7.0,79.0,64.0,296.0,119.0,106.0,80.0,102.0,39.0,0.0,68.0,150.0,1975-08-09,0000-00-00,3,DET
powelel01w,30.0,14.0,705.0,236.0,33.0,62.0,95.0,90.0,43.0,12.0,71.0,50.0,220.0,89.0,66.0,50.0,33.0,8.0,0.0,68.0,150.0,1975-08-09,0000-00-00,4,DET
powelel01w,33.0,33.0,938.0,296.0,43.0,63.0,106.0,129.0,45.0,9.0,79.0,65.0,233.0,105.0,106.0,79.0,20.0,7.0,0.0,68.0,150.0,1975-08-09,0000-00-00,5,DET
powelel01w,30.0,26.0,760.0,133.0,31.0,53.0,84.0,134.0,36.0,8.0,61.0,67.0,138.0,52.0,50.0,29.0,0.0,0.0,0.0,68.0,150.0,1975-08-09,0000-00-00,6,DET
powelel01w,29.0,21.0,671.0,163.0,25.0,55.0,80.0,77.0,29.0,4.0,51.0,62.0,142.0,62.0,65.0,39.0,2.0,0.0,0.0,68.0,150.0,1975-08-09,0000-00-00,7,CHI
powelel01w,29.0,21.0,671.0,163.0,25.0,55.0,80.0,77.0,29.0,4.0,51.0,62.0,142.0,62.0,65.0,39.0,2.0,0.0,0.0,68.0,150.0,1975-08-09,0000-00-00,7,DET
powelel01w,25.0,3.0,371.0,83.0,14.0,24.0,38.0,52.0,16.0,3.0,35.0,35.0,76.0,29.0,38.0,25.0,5.0,0.0,0.0,68.0,150.0,1975-08-09,0000-00-00,8,DET
powelel01w,32.0,12.0,323.0,60.0,11.0,23.0,34.0,44.0,12.0,2.0,29.0,33.0,54.0,22.0,23.0,16.0,0.0,0.0,0.0,68.0,150.0,1975-08-09,0000-00-00,9,DET
powelni01w,,,,,,,,,,,,,,,,,,,,,,,,5,CHA
powelni01w,31.0,0.0,384.0,132.0,10.0,61.0,71.0,16.0,15.0,4.0,22.0,37.0,121.0,50.0,10.0,8.0,58.0,24.0,0.0,74.0,175.0,1982-06-22,0000-00-00,6,SAC
powelni01w,34.0,34.0,988.0,364.0,32.0,92.0,124.0,62.0,39.0,16.0,44.0,83.0,317.0,120.0,72.0,58.0,159.0,66.0,0.0,74.0,175.0,1982-06-22,0000-00-00,7,SAC
powelni01w,34.0,34.0,886.0,327.0,25.0,106.0,131.0,61.0,42.0,15.0,47.0,82.0,309.0,116.0,49.0,40.0,156.0,55.0,0.0,74.0,175.0,1982-06-22,0000-00-00,8,SAC
powelni01w,34.0,34.0,986.0,436.0,65.0,126.0,191.0,58.0,48.0,12.0,64.0,63.0,391.0,147.0,83.0,80.0,163.0,62.0,0.0,74.0,175.0,1982-06-22,0000-00-00,9,SAC
powelni01w,34.0,33.0,944.0,463.0,41.0,109.0,150.0,46.0,40.0,6.0,62.0,78.0,437.0,161.0,75.0,63.0,190.0,78.0,2.0,74.0,175.0,1982-06-22,0000-00-00,10,SAC
pricear01w,,,,,,,,,,,,,,,,,,,,,,,,8,CHI
pricear01w,34.0,34.0,893.0,269.0,83.0,121.0,204.0,99.0,40.0,7.0,59.0,67.0,232.0,95.0,151.0,78.0,3.0,1.0,0.0,69.0,133.0,1985-04-03,0000-00-00,9,CHI
pricear01w,34.0,11.0,763.0,235.0,57.0,68.0,125.0,59.0,36.0,12.0,50.0,79.0,194.0,85.0,125.0,65.0,1.0,0.0,1.0,69.0,133.0,1985-04-03,0000-00-00,10,CHI
pricear01w,34.0,11.0,763.0,235.0,57.0,68.0,125.0,59.0,36.0,12.0,50.0,79.0,194.0,85.0,125.0,65.0,1.0,0.0,1.0,69.0,133.0,1985-04-03,0000-00-00,10,ATL
pridely01w,,,,,,,,,,,,,,,,,,,,,,,,1,POR
pridely01w,32.0,1.0,462.0,114.0,22.0,39.0,61.0,40.0,16.0,9.0,33.0,59.0,118.0,41.0,42.0,29.0,9.0,3.0,1.0,74.0,180.0,1978-10-16,0000-00-00,2,MIN
pridely01w,32.0,14.0,713.0,170.0,47.0,99.0,146.0,28.0,28.0,20.0,46.0,77.0,174.0,68.0,55.0,33.0,4.0,1.0,2.0,74.0,180.0,1978-10-16,0000-00-00,3,MIN
pridely01w,31.0,15.0,589.0,123.0,25.0,78.0,103.0,43.0,25.0,25.0,47.0,73.0,148.0,57.0,17.0,8.0,10.0,1.0,1.0,74.0,180.0,1978-10-16,0000-00-00,4,MIN
pridely01w,31.0,15.0,589.0,123.0,25.0,78.0,103.0,43.0,25.0,25.0,47.0,73.0,148.0,57.0,17.0,8.0,10.0,1.0,1.0,74.0,180.0,1978-10-16,0000-00-00,4,LAS
pringla01w,,,,,,,,,,,,,,,,,,,,,,,,9,PHO
pringla01w,29.0,7.0,377.0,128.0,52.0,50.0,102.0,9.0,10.0,44.0,27.0,71.0,96.0,43.0,51.0,42.0,0.0,0.0,0.0,75.0,162.0,1986-09-11,0000-00-00,10,MIN
queenbr01w,,,,,,,,,,,,,,,,,,,,,,,,7,CON
queenbr01w,4.0,0.0,10.0,2.0,0.0,0.0,0.0,0.0,0.0,0.0,1.0,0.0,1.0,0.0,2.0,2.0,0.0,0.0,0.0,74.0,185.0,1984-04-10,0000-00-00,9,CHI
quiglal01w,,,,,,,,,,,,,,,,,,,,,,,,9,PHO
quiglal01w,14.0,0.0,100.0,29.0,6.0,5.0,11.0,4.0,6.0,1.0,6.0,9.0,39.0,13.0,2.0,1.0,11.0,2.0,0.0,70.0,140.0,1986-06-20,0000-00-00,10,PHO
quinnno01w,,,,,,,,,,,,,,,,,,,,,,,,8,MIN
quinnno01w,34.0,19.0,670.0,96.0,18.0,71.0,89.0,148.0,29.0,13.0,67.0,40.0,124.0,37.0,24.0,15.0,38.0,7.0,0.0,72.0,175.0,1985-01-03,0000-00-00,9,MIN
quinnno01w,32.0,25.0,533.0,116.0,12.0,57.0,69.0,81.0,21.0,2.0,46.0,33.0,118.0,47.0,18.0,12.0,32.0,10.0,0.0,72.0,175.0,1985-01-03,0000-00-00,10,LAS
quinnte01w,,,,,,,,,,,,,,,,,,,,,,,,1,IND
radunha01w,,,,,,,,,,,,,,,,,,,,,,,,2,NYL
raglafe01w,,,,,,,,,,,,,,,,,,,,,,,,3,SEA
raglafe01w,31.0,3.0,432.0,141.0,27.0,21.0,48.0,23.0,27.0,1.0,29.0,44.0,125.0,48.0,28.0,23.0,55.0,22.0,0.0,67.0,133.0,1980-02-03,0000-00-00,4,PHO
raglafe01w,3.0,0.0,39.0,5.0,0.0,2.0,2.0,2.0,2.0,0.0,3.0,4.0,12.0,1.0,2.0,2.0,5.0,1.0,0.0,67.0,133.0,1980-02-03,0000-00-00,5,HOU
raglafe01w,34.0,10.0,517.0,118.0,19.0,48.0,67.0,38.0,25.0,3.0,32.0,48.0,120.0,44.0,13.0,11.0,49.0,19.0,0.0,67.0,133.0,1980-02-03,0000-00-00,6,HOU
randase01w,,,,,,,,,,,,,,,,,,,,,,,,2,SEA
randase01w,32.0,30.0,884.0,300.0,32.0,73.0,105.0,44.0,29.0,4.0,73.0,45.0,315.0,117.0,100.0,66.0,4.0,0.0,0.0,69.0,164.0,1979-02-07,0000-00-00,3,SEA
randase01w,32.0,30.0,884.0,300.0,32.0,73.0,105.0,44.0,29.0,4.0,73.0,45.0,315.0,117.0,100.0,66.0,4.0,0.0,0.0,69.0,164.0,1979-02-07,0000-00-00,3,UTA
randase01w,29.0,16.0,593.0,192.0,42.0,47.0,89.0,37.0,24.0,2.0,46.0,49.0,173.0,65.0,80.0,58.0,21.0,4.0,0.0,69.0,164.0,1979-02-07,0000-00-00,4,SAS
randase01w,33.0,1.0,339.0,88.0,25.0,28.0,53.0,23.0,11.0,0.0,44.0,41.0,90.0,32.0,45.0,24.0,1.0,0.0,0.0,69.0,164.0,1979-02-07,0000-00-00,5,SAS
rasmukr01w,,,,,,,,,,,,,,,,,,,,,,,,1,UTA
rasmukr01w,,,,,,,,,,,,,,,,,,,,,,,,1,MIA
rasmukr01w,26.0,7.0,463.0,126.0,45.0,53.0,98.0,28.0,25.0,14.0,30.0,49.0,100.0,35.0,64.0,54.0,7.0,2.0,0.0,76.0,174.0,1978-11-01,0000-00-00,2,MIA
rasmukr01w,28.0,3.0,416.0,75.0,33.0,55.0,88.0,16.0,11.0,14.0,31.0,48.0,86.0,31.0,16.0,12.0,4.0,1.0,0.0,76.0,174.0,1978-11-01,0000-00-00,3,MIA
rasmukr01w,31.0,5.0,674.0,170.0,41.0,76.0,117.0,41.0,18.0,16.0,37.0,63.0,116.0,64.0,46.0,39.0,7.0,3.0,0.0,76.0,174.0,1978-11-01,0000-00-00,4,IND
rasmukr01w,33.0,25.0,814.0,226.0,44.0,71.0,115.0,64.0,24.0,15.0,48.0,65.0,200.0,94.0,39.0,31.0,15.0,7.0,0.0,76.0,174.0,1978-11-01,0000-00-00,5,IND
rasmukr01w,33.0,4.0,692.0,152.0,41.0,72.0,113.0,47.0,21.0,14.0,35.0,51.0,135.0,56.0,38.0,30.0,27.0,10.0,0.0,76.0,174.0,1978-11-01,0000-00-00,6,HOU
rasmukr01w,33.0,4.0,692.0,152.0,41.0,72.0,113.0,47.0,21.0,14.0,35.0,51.0,135.0,56.0,38.0,30.0,27.0,10.0,0.0,76.0,174.0,1978-11-01,0000-00-00,6,CHA
rasmukr01w,27.0,19.0,551.0,127.0,28.0,53.0,81.0,24.0,14.0,16.0,20.0,64.0,102.0,49.0,30.0,22.0,18.0,7.0,0.0,76.0,174.0,1978-11-01,0000-00-00,7,PHO
rasmukr01w,34.0,32.0,908.0,146.0,72.0,136.0,208.0,72.0,28.0,27.0,33.0,98.0,125.0,64.0,20.0,12.0,14.0,6.0,0.0,76.0,174.0,1978-11-01,0000-00-00,8,CON
rasmukr01w,33.0,3.0,522.0,114.0,35.0,56.0,91.0,29.0,11.0,5.0,35.0,54.0,99.0,41.0,21.0,17.0,27.0,15.0,1.0,76.0,174.0,1978-11-01,0000-00-00,9,MIN
raymost01w,,,,,,,,,,,,,,,,,,,,,,,,8,CHI
reddja01w,,,,,,,,,,,,,,,,,,,,,,,,1,SEA
reddja01w,26.0,8.0,387.0,140.0,18.0,27.0,45.0,16.0,19.0,1.0,35.0,53.0,125.0,49.0,34.0,24.0,52.0,18.0,0.0,73.0,164.0,1977-11-05,0000-00-00,2,SEA
reddja01w,32.0,6.0,659.0,231.0,29.0,53.0,82.0,48.0,17.0,3.0,48.0,101.0,216.0,82.0,66.0,45.0,77.0,22.0,0.0,73.0,164.0,1977-11-05,0000-00-00,3,SEA
reedbr01w,,,,,,,,,,,,,,,,,,,,,,,,1,PHO
reedbr01w,32.0,30.0,1090.0,608.0,59.0,128.0,187.0,86.0,66.0,21.0,90.0,52.0,456.0,231.0,142.0,128.0,43.0,18.0,0.0,73.0,168.0,1977-02-17,0000-00-00,2,PHO
reedbr01w,1.0,0.0,13.0,3.0,0.0,3.0,3.0,0.0,0.0,0.0,0.0,0.0,8.0,1.0,1.0,1.0,0.0,0.0,0.0,73.0,168.0,1977-02-17,0000-00-00,3,PHO
reidtr01w,,,,,,,,,,,,,,,,,,,,,,,,1,CHA
reidtr01w,29.0,17.0,620.0,211.0,45.0,55.0,100.0,29.0,14.0,9.0,51.0,47.0,180.0,86.0,72.0,39.0,2.0,0.0,1.0,71.0,150.0,1976-11-01,0000-00-00,2,MIA
reidtr01w,21.0,2.0,278.0,80.0,10.0,27.0,37.0,13.0,15.0,5.0,25.0,28.0,63.0,32.0,26.0,16.0,0.0,0.0,0.0,71.0,150.0,1976-11-01,0000-00-00,3,PHO
reidtr01w,24.0,12.0,421.0,113.0,33.0,44.0,77.0,14.0,22.0,2.0,36.0,29.0,117.0,48.0,28.0,17.0,1.0,0.0,0.0,71.0,150.0,1976-11-01,0000-00-00,4,PHO
rileyru01w,,,,,,,,,,,,,,,,,,,,,,,,2,MIA
rileyru01w,32.0,20.0,799.0,218.0,51.0,79.0,130.0,26.0,25.0,46.0,63.0,107.0,162.0,77.0,83.0,64.0,0.0,0.0,3.0,77.0,198.0,1979-08-28,0000-00-00,3,MIA
rileyru01w,26.0,8.0,519.0,148.0,24.0,66.0,90.0,25.0,11.0,41.0,49.0,87.0,129.0,60.0,46.0,28.0,0.0,0.0,1.0,77.0,198.0,1979-08-28,0000-00-00,4,DET
rileyru01w,34.0,34.0,995.0,327.0,59.0,142.0,201.0,64.0,25.0,58.0,82.0,128.0,231.0,115.0,127.0,97.0,0.0,0.0,2.0,77.0,198.0,1979-08-28,0000-00-00,5,DET
rileyru01w,34.0,34.0,1037.0,378.0,68.0,131.0,199.0,50.0,31.0,53.0,82.0,121.0,343.0,153.0,87.0,71.0,2.0,1.0,2.0,77.0,198.0,1979-08-28,0000-00-00,6,DET
rileyru01w,33.0,33.0,855.0,251.0,43.0,113.0,156.0,39.0,23.0,46.0,68.0,131.0,267.0,100.0,60.0,48.0,12.0,3.0,4.0,77.0,198.0,1979-08-28,0000-00-00,7,DET
rileyru01w,34.0,34.0,875.0,249.0,36.0,129.0,165.0,52.0,18.0,49.0,54.0,110.0,252.0,115.0,18.0,16.0,9.0,3.0,2.0,77.0,198.0,1979-08-28,0000-00-00,8,SAS
rileyru01w,30.0,29.0,773.0,176.0,32.0,116.0,148.0,37.0,27.0,59.0,69.0,114.0,194.0,72.0,29.0,27.0,27.0,5.0,1.0,77.0,198.0,1979-08-28,0000-00-00,9,SAS
rileyru01w,30.0,3.0,580.0,153.0,14.0,94.0,108.0,31.0,14.0,41.0,52.0,101.0,145.0,63.0,21.0,18.0,28.0,9.0,2.0,77.0,198.0,1979-08-28,0000-00-00,10,SAS
rizzoje01w,,,,,,,,,,,,,,,,,,,,,,,,1,HOU
rizzoje01w,32.0,2.0,437.0,60.0,6.0,30.0,36.0,44.0,15.0,2.0,26.0,38.0,55.0,21.0,9.0,6.0,39.0,12.0,0.0,66.0,146.0,1974-05-15,0000-00-00,2,CLE
rizzoje01w,32.0,0.0,476.0,119.0,2.0,28.0,30.0,51.0,25.0,2.0,41.0,30.0,110.0,42.0,11.0,7.0,73.0,28.0,0.0,66.0,146.0,1974-05-15,0000-00-00,3,CLE
rizzoje01w,26.0,25.0,695.0,178.0,5.0,65.0,70.0,85.0,23.0,3.0,45.0,53.0,135.0,54.0,40.0,32.0,99.0,38.0,3.0,66.0,146.0,1974-05-15,0000-00-00,4,CLE
robinas01w,,,,,,,,,,,,,,,,,,,,,,,,5,PHO
robinas01w,19.0,0.0,130.0,17.0,4.0,9.0,13.0,2.0,8.0,10.0,4.0,22.0,14.0,7.0,7.0,3.0,1.0,0.0,0.0,76.0,180.0,1982-08-12,0000-00-00,6,PHO
robinas01w,34.0,15.0,659.0,103.0,48.0,70.0,118.0,31.0,20.0,34.0,38.0,108.0,129.0,42.0,38.0,19.0,1.0,0.0,3.0,76.0,180.0,1982-08-12,0000-00-00,7,CHI
robinas01w,34.0,15.0,659.0,103.0,48.0,70.0,118.0,31.0,20.0,34.0,38.0,108.0,129.0,42.0,38.0,19.0,1.0,0.0,3.0,76.0,180.0,1982-08-12,0000-00-00,7,SEA
robinas01w,29.0,5.0,321.0,42.0,34.0,44.0,78.0,13.0,8.0,16.0,22.0,53.0,54.0,18.0,16.0,5.0,2.0,1.0,0.0,76.0,180.0,1982-08-12,0000-00-00,8,SEA
robinas01w,33.0,5.0,409.0,48.0,30.0,70.0,100.0,14.0,16.0,25.0,26.0,57.0,63.0,22.0,15.0,4.0,1.0,0.0,0.0,76.0,180.0,1982-08-12,0000-00-00,9,SEA
robinas01w,33.0,1.0,329.0,29.0,29.0,43.0,72.0,12.0,12.0,20.0,28.0,62.0,43.0,13.0,10.0,3.0,0.0,0.0,0.0,76.0,180.0,1982-08-12,0000-00-00,10,SEA
robincr01w,,,,,,,,,,,,,,,,,,,,,,,,1,NYL
robincr01w,27.0,14.0,722.0,238.0,26.0,42.0,68.0,48.0,23.0,10.0,33.0,74.0,201.0,86.0,33.0,30.0,102.0,36.0,0.0,71.0,155.0,1974-01-22,0000-00-00,2,NYL
robincr01w,32.0,32.0,980.0,342.0,23.0,69.0,92.0,83.0,32.0,8.0,28.0,86.0,267.0,123.0,29.0,26.0,168.0,70.0,1.0,71.0,155.0,1974-01-22,0000-00-00,3,NYL
robincr01w,32.0,32.0,1068.0,378.0,22.0,70.0,92.0,81.0,48.0,12.0,52.0,101.0,302.0,126.0,72.0,59.0,181.0,67.0,0.0,71.0,155.0,1974-01-22,0000-00-00,4,NYL
robincr01w,33.0,33.0,1078.0,395.0,13.0,57.0,70.0,63.0,40.0,13.0,43.0,94.0,326.0,143.0,56.0,47.0,168.0,62.0,0.0,71.0,155.0,1974-01-22,0000-00-00,5,NYL
robincr01w,28.0,27.0,890.0,339.0,19.0,64.0,83.0,58.0,24.0,8.0,33.0,77.0,279.0,122.0,43.0,40.0,144.0,55.0,2.0,71.0,155.0,1974-01-22,0000-00-00,6,NYL
robincr01w,32.0,31.0,969.0,234.0,29.0,71.0,100.0,58.0,21.0,5.0,38.0,86.0,224.0,85.0,38.0,30.0,107.0,34.0,1.0,71.0,155.0,1974-01-22,0000-00-00,7,WAS
robincr01w,27.0,27.0,727.0,199.0,18.0,52.0,70.0,49.0,33.0,0.0,27.0,83.0,184.0,74.0,31.0,25.0,92.0,26.0,2.0,71.0,155.0,1974-01-22,0000-00-00,8,WAS
robinre01w,,,,,,,,,,,,,,,,,,,,,,,,1,WAS
rolanja01w,,,,,,,,,,,,,,,,,,,,,,,,1,ORL
rossad01w,,,,,,,,,,,,,,,,,,,,,,,,9,SAS
rushle01w,,,,,,,,,,,,,,,,,,,,,,,,9,CHI
salesny01w,,,,,,,,,,,,,,,,,,,,,,,,1,ORL
salesny01w,32.0,32.0,995.0,430.0,43.0,96.0,139.0,69.0,47.0,12.0,67.0,92.0,383.0,170.0,62.0,43.0,119.0,47.0,2.0,72.0,184.0,1976-05-10,0000-00-00,2,ORL
salesny01w,32.0,31.0,1039.0,433.0,57.0,115.0,172.0,58.0,70.0,6.0,72.0,109.0,379.0,166.0,74.0,58.0,137.0,43.0,0.0,72.0,184.0,1976-05-10,0000-00-00,3,ORL
salesny01w,32.0,32.0,1042.0,431.0,36.0,84.0,120.0,60.0,60.0,7.0,71.0,97.0,376.0,155.0,106.0,84.0,115.0,37.0,0.0,72.0,184.0,1976-05-10,0000-00-00,4,CON
salesny01w,34.0,34.0,1106.0,548.0,27.0,118.0,145.0,92.0,46.0,13.0,73.0,107.0,468.0,194.0,144.0,116.0,114.0,44.0,3.0,72.0,184.0,1976-05-10,0000-00-00,5,CON
salesny01w,34.0,34.0,1096.0,517.0,33.0,102.0,135.0,97.0,75.0,8.0,76.0,98.0,486.0,210.0,77.0,56.0,129.0,41.0,0.0,72.0,184.0,1976-05-10,0000-00-00,6,CON
salesny01w,34.0,34.0,1074.0,532.0,36.0,88.0,124.0,74.0,61.0,10.0,64.0,96.0,482.0,201.0,108.0,81.0,116.0,49.0,0.0,72.0,184.0,1976-05-10,0000-00-00,7,CON
salesny01w,22.0,20.0,609.0,286.0,21.0,61.0,82.0,60.0,26.0,6.0,29.0,43.0,254.0,109.0,50.0,36.0,80.0,32.0,0.0,72.0,184.0,1976-05-10,0000-00-00,8,CON
sampsch01w,,,,,,,,,,,,,,,,,,,,,,,,1,SEA
samsh01w,,,,,,,,,,,,,,,,,,,,,,,,1,MIA
samsh01w,31.0,27.0,904.0,396.0,38.0,94.0,132.0,66.0,35.0,5.0,74.0,67.0,380.0,147.0,100.0,67.0,120.0,35.0,0.0,72.0,160.0,1974-05-05,0000-00-00,2,MIA
samsh01w,32.0,32.0,1100.0,444.0,41.0,96.0,137.0,88.0,55.0,8.0,87.0,67.0,417.0,180.0,76.0,57.0,98.0,27.0,0.0,72.0,160.0,1974-05-05,0000-00-00,3,MIA
samsh01w,32.0,32.0,1073.0,463.0,58.0,97.0,155.0,83.0,69.0,6.0,71.0,83.0,440.0,191.0,89.0,55.0,76.0,26.0,0.0,72.0,160.0,1974-05-05,0000-00-00,4,MIN
samsh01w,34.0,28.0,953.0,374.0,46.0,96.0,142.0,88.0,38.0,6.0,48.0,70.0,360.0,138.0,105.0,74.0,73.0,24.0,0.0,72.0,160.0,1974-05-05,0000-00-00,5,SEA
samsh01w,34.0,32.0,1018.0,310.0,42.0,97.0,139.0,82.0,53.0,6.0,63.0,108.0,284.0,117.0,76.0,65.0,42.0,11.0,1.0,72.0,160.0,1974-05-05,0000-00-00,6,CHA
samsh01w,34.0,33.0,1075.0,387.0,53.0,92.0,145.0,91.0,44.0,2.0,100.0,87.0,377.0,146.0,108.0,77.0,56.0,18.0,1.0,72.0,160.0,1974-05-05,0000-00-00,7,CHA
samsh01w,34.0,34.0,990.0,359.0,53.0,119.0,172.0,90.0,55.0,3.0,73.0,78.0,343.0,137.0,102.0,64.0,78.0,21.0,0.0,72.0,160.0,1974-05-05,0000-00-00,8,IND
samsh01w,33.0,4.0,591.0,164.0,35.0,62.0,97.0,42.0,29.0,6.0,39.0,58.0,186.0,63.0,42.0,29.0,33.0,9.0,0.0,72.0,160.0,1974-05-05,0000-00-00,9,DET
sanchis01w,,,,,,,,,,,,,,,,,,,,,,,,5,DET
sandeam01w,,,,,,,,,,,,,,,,,,,,,,,,8,DET
sanfona01w,,,,,,,,,,,,,,,,,,,,,,,,4,WAS
sanfona01w,17.0,0.0,134.0,49.0,10.0,16.0,26.0,1.0,3.0,2.0,14.0,35.0,40.0,20.0,20.0,9.0,0.0,0.0,0.0,76.0,200.0,1976-05-10,0000-00-00,5,WAS
sanfona01w,31.0,29.0,653.0,169.0,53.0,101.0,154.0,18.0,18.0,16.0,37.0,99.0,126.0,63.0,75.0,43.0,0.0,0.0,0.0,76.0,200.0,1976-05-10,0000-00-00,6,WAS
sanfona01w,27.0,0.0,293.0,88.0,15.0,30.0,45.0,6.0,10.0,11.0,17.0,50.0,60.0,29.0,62.0,30.0,0.0,0.0,0.0,76.0,200.0,1976-05-10,0000-00-00,7,WAS
sanfona01w,34.0,19.0,885.0,301.0,69.0,134.0,203.0,36.0,28.0,21.0,72.0,118.0,216.0,112.0,125.0,77.0,0.0,0.0,2.0,76.0,200.0,1976-05-10,0000-00-00,8,WAS
sanfona01w,34.0,31.0,994.0,375.0,100.0,142.0,242.0,23.0,27.0,28.0,88.0,141.0,232.0,123.0,194.0,129.0,0.0,0.0,5.0,76.0,200.0,1976-05-10,0000-00-00,9,WAS
sanfona01w,34.0,28.0,795.0,229.0,77.0,116.0,193.0,40.0,21.0,11.0,83.0,138.0,199.0,90.0,123.0,49.0,0.0,0.0,3.0,76.0,200.0,1976-05-10,0000-00-00,10,WAS
sanniol01w,,,,,,,,,,,,,,,,,,,,,,,,9,DET
sanniol01w,31.0,9.0,325.0,106.0,26.0,38.0,64.0,6.0,11.0,7.0,40.0,59.0,82.0,41.0,37.0,24.0,1.0,0.0,0.0,74.0,167.77260981912144,1986-08-21,0000-00-00,10,DET
santoal01w,,,,,,,,,,,,,,,,,,,,,,,,1,IND
santoal01w,3.0,0.0,11.0,3.0,0.0,3.0,3.0,0.0,0.0,0.0,2.0,3.0,1.0,1.0,6.0,1.0,0.0,0.0,0.0,77.0,181.0,1973-12-02,0000-00-00,2,SEA
santoke01w,,,,,,,,,,,,,,,,,,,,,,,,2,DET
santoke01w,14.0,0.0,153.0,52.0,11.0,16.0,27.0,5.0,3.0,3.0,12.0,23.0,42.0,20.0,18.0,12.0,1.0,0.0,0.0,75.0,188.0,1979-11-10,0000-00-00,3,DET
santoke01w,12.0,0.0,169.0,44.0,12.0,20.0,32.0,7.0,3.0,9.0,14.0,20.0,42.0,16.0,20.0,12.0,0.0,0.0,0.0,75.0,188.0,1979-11-10,0000-00-00,9,SEA
sarenra01w,,,,,,,,,,,,,,,,,,,,,,,,1,PHO
sauerpa01w,,,,,,,,,,,,,,,,,,,,,,,,1,LAS
sauerpa01w,12.0,0.0,66.0,20.0,3.0,13.0,16.0,3.0,2.0,1.0,6.0,10.0,14.0,8.0,5.0,4.0,0.0,0.0,0.0,76.0,203.0,1977-12-08,0000-00-00,2,CLE
sauerpa01w,2.0,0.0,4.0,2.0,1.0,1.0,2.0,0.0,0.0,1.0,1.0,1.0,3.0,1.0,0.0,0.0,0.0,0.0,0.0,76.0,203.0,1977-12-08,0000-00-00,3,CLE
saundja01w,,,,,,,,,,,,,,,,,,,,,,,,2,PHO
saundja01w,28.0,6.0,253.0,68.0,13.0,27.0,40.0,7.0,10.0,8.0,14.0,28.0,77.0,25.0,25.0,17.0,3.0,1.0,0.0,71.0,145.0,1979-08-21,0000-00-00,3,PHO
saureau01w,,,,,,,,,,,,,,,,,,,,,,,,2,WAS
saureau01w,25.0,3.0,455.0,76.0,11.0,31.0,42.0,43.0,24.0,4.0,41.0,39.0,111.0,33.0,24.0,7.0,26.0,3.0,0.0,70.0,163.0,1976-10-31,0000-00-00,3,WAS
schumke01w,,,,,,,,,,,,,,,,,,,,,,,,2,IND
schumke01w,28.0,5.0,380.0,112.0,23.0,47.0,70.0,10.0,5.0,29.0,21.0,41.0,93.0,46.0,20.0,17.0,5.0,3.0,0.0,77.0,183.0,1977-10-14,0000-00-00,3,IND
schumke01w,31.0,1.0,352.0,108.0,18.0,41.0,59.0,13.0,7.0,23.0,21.0,49.0,89.0,45.0,26.0,18.0,1.0,0.0,0.0,77.0,183.0,1977-10-14,0000-00-00,4,IND
schumke01w,34.0,1.0,480.0,189.0,40.0,59.0,99.0,20.0,7.0,24.0,32.0,63.0,169.0,81.0,27.0,23.0,9.0,4.0,0.0,77.0,183.0,1977-10-14,0000-00-00,5,IND
schumke01w,32.0,7.0,601.0,224.0,36.0,68.0,104.0,25.0,10.0,31.0,52.0,67.0,196.0,92.0,45.0,35.0,13.0,5.0,0.0,77.0,183.0,1977-10-14,0000-00-00,6,IND
schumke01w,34.0,14.0,516.0,135.0,26.0,42.0,68.0,14.0,10.0,24.0,33.0,59.0,138.0,58.0,21.0,17.0,11.0,2.0,0.0,77.0,183.0,1977-10-14,0000-00-00,7,NYL
schumke01w,21.0,21.0,539.0,163.0,38.0,78.0,116.0,23.0,3.0,25.0,35.0,68.0,141.0,58.0,63.0,45.0,8.0,2.0,1.0,77.0,183.0,1977-10-14,0000-00-00,8,PHO
schumke01w,34.0,0.0,543.0,151.0,29.0,118.0,147.0,12.0,17.0,25.0,34.0,66.0,125.0,57.0,46.0,34.0,7.0,3.0,0.0,77.0,183.0,1977-10-14,0000-00-00,9,DET
schumke01w,7.0,0.0,89.0,14.0,4.0,16.0,20.0,5.0,2.0,3.0,8.0,13.0,16.0,6.0,2.0,2.0,2.0,0.0,0.0,77.0,183.0,1977-10-14,0000-00-00,10,DET
schwege01w,,,,,,,,,,,,,,,,,,,,,,,,2,MIN
schwege01w,24.0,8.0,423.0,87.0,15.0,35.0,50.0,34.0,11.0,6.0,17.0,34.0,103.0,33.0,17.0,13.0,43.0,8.0,1.0,72.0,160.0,1979-01-31,0000-00-00,3,MIN
schwege01w,30.0,9.0,509.0,124.0,7.0,44.0,51.0,37.0,15.0,5.0,27.0,47.0,87.0,42.0,30.0,26.0,33.0,14.0,1.0,72.0,160.0,1979-01-31,0000-00-00,4,MIN
scottol01w,,,,,,,,,,,,,,,,,,,,,,,,1,DET
scottol01w,28.0,0.0,369.0,100.0,28.0,52.0,80.0,28.0,12.0,10.0,45.0,83.0,89.0,37.0,40.0,26.0,2.0,0.0,2.0,74.0,175.0,1976-08-05,0000-00-00,2,IND
scottol01w,32.0,30.0,775.0,280.0,52.0,109.0,161.0,40.0,22.0,12.0,72.0,108.0,217.0,99.0,111.0,82.0,2.0,0.0,1.0,74.0,175.0,1976-08-05,0000-00-00,3,IND
scottol01w,31.0,31.0,975.0,292.0,80.0,131.0,211.0,52.0,38.0,13.0,69.0,127.0,232.0,113.0,82.0,66.0,4.0,0.0,2.0,74.0,175.0,1976-08-05,0000-00-00,5,CHA
scottol01w,34.0,0.0,398.0,73.0,28.0,37.0,65.0,10.0,9.0,13.0,36.0,78.0,67.0,27.0,32.0,19.0,1.0,0.0,0.0,74.0,175.0,1976-08-05,0000-00-00,6,SAC
scottol01w,18.0,0.0,170.0,38.0,17.0,16.0,33.0,5.0,4.0,2.0,22.0,27.0,39.0,14.0,20.0,10.0,0.0,0.0,0.0,74.0,175.0,1976-08-05,0000-00-00,7,IND
scottol01w,21.0,0.0,159.0,50.0,8.0,25.0,33.0,7.0,7.0,2.0,15.0,29.0,53.0,23.0,8.0,4.0,1.0,0.0,0.0,74.0,175.0,1976-08-05,0000-00-00,8,PHO
scottol01w,8.0,0.0,32.0,8.0,2.0,2.0,4.0,2.0,3.0,1.0,3.0,6.0,7.0,1.0,8.0,6.0,0.0,0.0,0.0,74.0,175.0,1976-08-05,0000-00-00,9,PHO
shakiel01w,,,,,,,,,,,,,,,,,,,,,,,,1,HOU
shakiel01w,14.0,0.0,150.0,57.0,14.0,17.0,31.0,4.0,5.0,2.0,7.0,12.0,30.0,13.0,33.0,29.0,12.0,2.0,0.0,75.0,190.0,1970-06-02,0000-00-00,2,HOU
shakiel01w,26.0,2.0,203.0,38.0,15.0,20.0,35.0,9.0,6.0,2.0,9.0,11.0,38.0,12.0,23.0,14.0,7.0,0.0,0.0,75.0,190.0,1970-06-02,0000-00-00,3,CHA
sharpkb01w,,,,,,,,,,,,,,,,,,,,,,,,4,NYL
sharpkb01w,30.0,0.0,398.0,94.0,11.0,21.0,32.0,37.0,14.0,0.0,26.0,15.0,71.0,28.0,39.0,31.0,24.0,7.0,0.0,69.0,145.0,1981-04-18,0000-00-00,5,NYL
sharpkb01w,30.0,0.0,240.0,29.0,5.0,16.0,21.0,33.0,6.0,1.0,20.0,7.0,37.0,9.0,12.0,11.0,12.0,0.0,0.0,69.0,145.0,1981-04-18,0000-00-00,7,IND
sharpkb01w,23.0,0.0,155.0,22.0,3.0,6.0,9.0,23.0,7.0,0.0,8.0,3.0,35.0,8.0,3.0,3.0,15.0,3.0,0.0,69.0,145.0,1981-04-18,0000-00-00,8,IND
sharpkb01w,34.0,0.0,454.0,109.0,10.0,22.0,32.0,49.0,13.0,0.0,26.0,17.0,97.0,40.0,29.0,21.0,28.0,8.0,0.0,69.0,145.0,1981-04-18,0000-00-00,9,CHI
sharpkb01w,34.0,6.0,598.0,106.0,7.0,38.0,45.0,49.0,14.0,0.0,31.0,27.0,90.0,39.0,29.0,19.0,28.0,9.0,0.0,69.0,145.0,1981-04-18,0000-00-00,10,CHI
shielas01w,,,,,,,,,,,,,,,,,,,,,,,,8,HOU
shielas01w,26.0,0.0,304.0,137.0,14.0,19.0,33.0,20.0,10.0,1.0,44.0,25.0,138.0,38.0,73.0,54.0,18.0,7.0,0.0,70.0,155.0,1985-07-15,0000-00-00,9,HOU
shielas01w,26.0,0.0,304.0,137.0,14.0,19.0,33.0,20.0,10.0,1.0,44.0,25.0,138.0,38.0,73.0,54.0,18.0,7.0,0.0,70.0,155.0,1985-07-15,0000-00-00,9,DET
slaisma01w,,,,,,,,,,,,,,,,,,,,,,,,1,DET
slauggw01w,,,,,,,,,,,,,,,,,,,,,,,,5,MIN
slavtge01w,,,,,,,,,,,,,,,,,,,,,,,,4,PHO
smithai01w,,,,,,,,,,,,,,,,,,,,,,,,4,WAS
smithai01w,31.0,2.0,422.0,104.0,21.0,44.0,65.0,10.0,11.0,9.0,26.0,44.0,120.0,41.0,34.0,17.0,34.0,5.0,0.0,74.0,173.0,1980-07-18,0000-00-00,5,WAS
smithbr01w,,,,,,,,,,,,,,,,,,,,,,,,9,PHO
smithbr01w,10.0,0.0,134.0,41.0,10.0,26.0,36.0,9.0,2.0,3.0,9.0,29.0,28.0,16.0,13.0,9.0,0.0,0.0,0.0,75.0,195.0,1984-04-30,0000-00-00,10,PHO
smithch02w,,,,,,,,,,,,,,,,,,,,,,,,1,CHA
smithch02w,30.0,7.0,659.0,156.0,29.0,77.0,106.0,55.0,15.0,17.0,48.0,88.0,159.0,56.0,25.0,20.0,76.0,24.0,2.0,70.0,145.0,1975-05-02,0000-00-00,2,CHA
smithch02w,30.0,24.0,678.0,171.0,36.0,65.0,101.0,50.0,16.0,13.0,41.0,73.0,146.0,57.0,64.0,47.0,32.0,10.0,1.0,70.0,145.0,1975-05-02,0000-00-00,3,CHA
smithch02w,32.0,32.0,890.0,256.0,39.0,82.0,121.0,53.0,21.0,17.0,60.0,113.0,222.0,91.0,54.0,40.0,91.0,34.0,3.0,70.0,145.0,1975-05-02,0000-00-00,4,CHA
smithch02w,27.0,9.0,443.0,95.0,23.0,37.0,60.0,18.0,10.0,2.0,24.0,54.0,98.0,31.0,36.0,24.0,32.0,9.0,0.0,70.0,145.0,1975-05-02,0000-00-00,5,CHA
smithch02w,34.0,34.0,977.0,280.0,50.0,89.0,139.0,40.0,18.0,13.0,55.0,109.0,206.0,99.0,73.0,53.0,58.0,29.0,1.0,70.0,145.0,1975-05-02,0000-00-00,6,WAS
smithch02w,34.0,34.0,1036.0,246.0,34.0,94.0,128.0,71.0,22.0,11.0,46.0,93.0,190.0,87.0,46.0,30.0,100.0,42.0,0.0,70.0,145.0,1975-05-02,0000-00-00,7,IND
smithch03w,,,,,,,,,,,,,,,,,,,,,,,,1,SEA
smithch03w,32.0,3.0,516.0,52.0,14.0,33.0,47.0,53.0,16.0,3.0,32.0,52.0,56.0,16.0,18.0,10.0,32.0,10.0,0.0,72.0,148.0,1973-08-23,0000-00-00,2,SEA
smithch03w,32.0,8.0,589.0,58.0,18.0,37.0,55.0,39.0,17.0,1.0,26.0,52.0,63.0,17.0,21.0,13.0,38.0,11.0,0.0,72.0,148.0,1973-08-23,0000-00-00,4,PHO
smithcr01w,,,,,,,,,,,,,,,,,,,,,,,,7,PHO
smithcr01w,23.0,0.0,197.0,60.0,4.0,18.0,22.0,22.0,17.0,0.0,18.0,24.0,47.0,21.0,12.0,11.0,19.0,7.0,0.0,66.0,121.0,1984-03-12,0000-00-00,8,HOU
smithcr01w,27.0,23.0,683.0,170.0,12.0,41.0,53.0,72.0,34.0,3.0,56.0,50.0,156.0,62.0,21.0,19.0,70.0,27.0,0.0,66.0,121.0,1984-03-12,0000-00-00,9,MIN
smithcr01w,27.0,23.0,683.0,170.0,12.0,41.0,53.0,72.0,34.0,3.0,56.0,50.0,156.0,62.0,21.0,19.0,70.0,27.0,0.0,66.0,121.0,1984-03-12,0000-00-00,9,WAS
smithje01w,,,,,,,,,,,,,,,,,,,,,,,,6,NYL
smithka01w,,,,,,,,,,,,,,,,,,,,,,,,1,MIN
smithka01w,32.0,32.0,1193.0,646.0,28.0,65.0,93.0,90.0,44.0,7.0,76.0,71.0,482.0,203.0,175.0,152.0,232.0,88.0,0.0,71.0,174.0,1974-06-04,0000-00-00,2,MIN
smithka01w,32.0,32.0,1234.0,739.0,40.0,82.0,122.0,70.0,23.0,5.0,87.0,94.0,519.0,204.0,275.0,246.0,240.0,85.0,0.0,71.0,174.0,1974-06-04,0000-00-00,3,MIN
smithka01w,31.0,31.0,1138.0,512.0,24.0,68.0,92.0,79.0,32.0,7.0,70.0,87.0,401.0,162.0,153.0,126.0,188.0,62.0,2.0,71.0,174.0,1974-06-04,0000-00-00,4,MIN
smithka01w,34.0,34.0,1185.0,620.0,40.0,98.0,138.0,84.0,25.0,6.0,67.0,112.0,455.0,208.0,143.0,126.0,200.0,78.0,2.0,71.0,174.0,1974-06-04,0000-00-00,5,MIN
smithka01w,23.0,23.0,800.0,432.0,17.0,67.0,84.0,52.0,23.0,6.0,51.0,63.0,318.0,137.0,109.0,98.0,139.0,60.0,1.0,71.0,174.0,1974-06-04,0000-00-00,6,MIN
smithka01w,23.0,23.0,800.0,432.0,17.0,67.0,84.0,52.0,23.0,6.0,51.0,63.0,318.0,137.0,109.0,98.0,139.0,60.0,1.0,71.0,174.0,1974-06-04,0000-00-00,6,DET
smithka01w,36.0,32.0,1160.0,430.0,23.0,60.0,83.0,87.0,30.0,5.0,71.0,73.0,368.0,140.0,124.0,97.0,159.0,53.0,0.0,71.0,174.0,1974-06-04,0000-00-00,7,DET
smithka01w,34.0,34.0,1137.0,398.0,19.0,73.0,92.0,112.0,25.0,4.0,65.0,78.0,302.0,123.0,102.0,93.0,161.0,59.0,0.0,71.0,174.0,1974-06-04,0000-00-00,8,DET
smithka01w,34.0,34.0,1166.0,450.0,18.0,110.0,128.0,124.0,42.0,3.0,59.0,81.0,355.0,128.0,157.0,133.0,196.0,61.0,0.0,71.0,174.0,1974-06-04,0000-00-00,9,DET
smithka01w,34.0,34.0,1152.0,500.0,10.0,84.0,94.0,137.0,32.0,3.0,80.0,70.0,410.0,157.0,124.0,110.0,211.0,76.0,0.0,71.0,174.0,1974-06-04,0000-00-00,10,DET
smithki01w,,,,,,,,,,,,,,,,,,,,,,,,7,SAC
smithki01w,31.0,0.0,313.0,74.0,11.0,28.0,39.0,20.0,9.0,0.0,22.0,33.0,84.0,28.0,9.0,5.0,32.0,13.0,0.0,73.0,158.0,1984-05-07,0000-00-00,8,SAC
smithki01w,3.0,0.0,6.0,0.0,0.0,2.0,2.0,0.0,0.0,0.0,1.0,1.0,0.0,0.0,0.0,0.0,0.0,0.0,0.0,73.0,158.0,1984-05-07,0000-00-00,9,SAC
smithla01w,,,,,,,,,,,,,,,,,,,,,,,,1,ORL
smithta01w,,,,,,,,,,,,,,,,,,,,,,,,1,SAC
smithta01w,32.0,32.0,925.0,388.0,61.0,117.0,178.0,43.0,30.0,64.0,60.0,107.0,371.0,176.0,46.0,36.0,0.0,0.0,1.0,76.0,160.0,1977-04-01,0000-00-00,2,SAC
smithta01w,32.0,32.0,912.0,358.0,48.0,131.0,179.0,41.0,34.0,55.0,66.0,106.0,352.0,148.0,85.0,62.0,2.0,0.0,2.0,76.0,160.0,1977-04-01,0000-00-00,3,SAC
smithta01w,32.0,32.0,1063.0,469.0,56.0,132.0,188.0,40.0,27.0,46.0,59.0,126.0,435.0,184.0,101.0,86.0,42.0,15.0,4.0,76.0,160.0,1977-04-01,0000-00-00,4,SAC
smithta01w,34.0,34.0,986.0,430.0,61.0,126.0,187.0,52.0,43.0,32.0,56.0,103.0,427.0,188.0,58.0,41.0,49.0,13.0,2.0,76.0,160.0,1977-04-01,0000-00-00,5,SAC
smithta01w,34.0,33.0,908.0,380.0,46.0,92.0,138.0,50.0,38.0,25.0,53.0,86.0,401.0,165.0,56.0,45.0,29.0,5.0,0.0,76.0,160.0,1977-04-01,0000-00-00,6,CHA
smithta01w,31.0,31.0,1063.0,421.0,45.0,117.0,162.0,41.0,51.0,32.0,84.0,105.0,405.0,169.0,104.0,83.0,7.0,0.0,1.0,76.0,160.0,1977-04-01,0000-00-00,7,CHA
smithta01w,34.0,34.0,972.0,445.0,48.0,132.0,180.0,50.0,41.0,29.0,70.0,100.0,423.0,178.0,78.0,58.0,85.0,31.0,1.0,76.0,160.0,1977-04-01,0000-00-00,8,PHO
smithta01w,34.0,34.0,1072.0,428.0,54.0,166.0,220.0,44.0,40.0,56.0,56.0,101.0,399.0,165.0,99.0,78.0,61.0,20.0,1.0,76.0,160.0,1977-04-01,0000-00-00,9,PHO
smithta01w,25.0,25.0,722.0,277.0,50.0,126.0,176.0,28.0,28.0,29.0,41.0,98.0,266.0,111.0,45.0,39.0,46.0,16.0,3.0,76.0,160.0,1977-04-01,0000-00-00,10,PHO
smithty01w,,,,,,,,,,,,,,,,,,,,,,,,8,DET
smithwa01w,,,,,,,,,,,,,,,,,,,,,,,,9,DET
snellbe01w,,,,,,,,,,,,,,,,,,,,,,,,6,PHO
snellbe01w,20.0,0.0,226.0,65.0,19.0,17.0,36.0,18.0,7.0,1.0,11.0,31.0,55.0,19.0,18.0,16.0,37.0,11.0,0.0,69.0,170.0,1981-10-01,0000-00-00,7,PHO
snellbe01w,30.0,0.0,250.0,100.0,11.0,28.0,39.0,19.0,15.0,3.0,17.0,28.0,90.0,35.0,10.0,10.0,63.0,20.0,0.0,69.0,170.0,1981-10-01,0000-00-00,8,PHO
snellbe01w,30.0,2.0,343.0,107.0,12.0,34.0,46.0,44.0,20.0,4.0,18.0,31.0,106.0,37.0,11.0,7.0,79.0,26.0,0.0,69.0,170.0,1981-10-01,0000-00-00,10,SAS
snowmi01w,,,,,,,,,,,,,,,,,,,,,,,,3,HOU
snowmi01w,32.0,2.0,480.0,125.0,31.0,88.0,119.0,13.0,12.0,26.0,22.0,59.0,96.0,45.0,57.0,34.0,2.0,1.0,0.0,77.0,158.0,1980-03-20,0000-00-00,4,HOU
snowmi01w,34.0,34.0,1025.0,314.0,76.0,187.0,263.0,42.0,35.0,62.0,68.0,120.0,253.0,126.0,85.0,62.0,1.0,0.0,2.0,77.0,158.0,1980-03-20,0000-00-00,5,HOU
snowmi01w,31.0,31.0,893.0,276.0,62.0,177.0,239.0,31.0,28.0,35.0,71.0,89.0,229.0,104.0,113.0,68.0,0.0,0.0,0.0,77.0,158.0,1980-03-20,0000-00-00,6,HOU
snowmi01w,33.0,33.0,966.0,396.0,68.0,157.0,225.0,40.0,20.0,38.0,65.0,120.0,276.0,152.0,130.0,92.0,0.0,0.0,4.0,77.0,158.0,1980-03-20,0000-00-00,7,HOU
snowmi01w,34.0,34.0,995.0,442.0,78.0,191.0,269.0,47.0,33.0,38.0,88.0,121.0,349.0,178.0,129.0,86.0,0.0,0.0,3.0,77.0,158.0,1980-03-20,0000-00-00,8,HOU
snowmi01w,34.0,34.0,892.0,366.0,78.0,152.0,230.0,47.0,18.0,35.0,91.0,107.0,284.0,140.0,112.0,86.0,0.0,0.0,1.0,77.0,158.0,1980-03-20,0000-00-00,9,HOU
snowmi01w,34.0,34.0,856.0,336.0,75.0,155.0,230.0,43.0,18.0,31.0,64.0,111.0,238.0,126.0,119.0,83.0,2.0,1.0,3.0,77.0,158.0,1980-03-20,0000-00-00,10,ATL
spencsi01w,,,,,,,,,,,,,,,,,,,,,,,,8,LAS
spencsi01w,34.0,22.0,828.0,327.0,48.0,90.0,138.0,42.0,27.0,11.0,35.0,86.0,300.0,118.0,42.0,37.0,123.0,54.0,0.0,75.0,183.0,1985-03-07,0000-00-00,9,LAS
spencsi01w,33.0,2.0,451.0,174.0,28.0,34.0,62.0,18.0,14.0,4.0,23.0,48.0,155.0,63.0,18.0,17.0,81.0,31.0,0.0,75.0,183.0,1985-03-07,0000-00-00,10,NYL
spornra01w,,,,,,,,,,,,,,,,,,,,,,,,2,DET
stafftr01w,,,,,,,,,,,,,,,,,,,,,,,,2,HOU
stafftr01w,30.0,4.0,365.0,113.0,37.0,48.0,85.0,16.0,12.0,2.0,26.0,42.0,106.0,39.0,52.0,35.0,1.0,0.0,0.0,73.0,180.0,1970-11-11,0000-00-00,3,MIA
staleda01w,,,,,,,,,,,,,,,,,,,,,,,,1,CHA
staleda01w,32.0,32.0,1099.0,282.0,21.0,56.0,77.0,190.0,37.0,1.0,91.0,80.0,253.0,94.0,74.0,65.0,88.0,29.0,1.0,66.0,134.0,1970-05-04,0000-00-00,2,CHA
staleda01w,32.0,32.0,1152.0,298.0,11.0,60.0,71.0,179.0,52.0,1.0,100.0,54.0,281.0,107.0,57.0,51.0,89.0,33.0,0.0,66.0,134.0,1970-05-04,0000-00-00,3,CHA
staleda01w,32.0,32.0,1061.0,278.0,8.0,48.0,56.0,164.0,48.0,0.0,80.0,67.0,231.0,84.0,101.0,77.0,83.0,33.0,0.0,66.0,134.0,1970-05-04,0000-00-00,4,CHA
staleda01w,34.0,34.0,1086.0,269.0,14.0,44.0,58.0,174.0,49.0,4.0,78.0,76.0,216.0,90.0,73.0,61.0,72.0,28.0,0.0,66.0,134.0,1970-05-04,0000-00-00,5,CHA
staleda01w,34.0,34.0,1143.0,302.0,12.0,46.0,58.0,171.0,43.0,2.0,74.0,83.0,246.0,106.0,87.0,66.0,59.0,24.0,0.0,66.0,134.0,1970-05-04,0000-00-00,6,CHA
staleda01w,34.0,34.0,1143.0,302.0,12.0,46.0,58.0,171.0,43.0,2.0,74.0,83.0,246.0,106.0,87.0,66.0,59.0,24.0,0.0,66.0,134.0,1970-05-04,0000-00-00,6,HOU
staleda01w,33.0,26.0,905.0,179.0,9.0,61.0,70.0,149.0,36.0,1.0,54.0,70.0,159.0,63.0,40.0,32.0,56.0,21.0,1.0,66.0,134.0,1970-05-04,0000-00-00,7,HOU
stansti01w,,,,,,,,,,,,,,,,,,,,,,,,7,LAS
stansti01w,4.0,0.0,23.0,6.0,6.0,1.0,7.0,2.0,1.0,2.0,2.0,4.0,8.0,3.0,0.0,0.0,0.0,0.0,0.0,75.0,183.0,1983-01-16,0000-00-00,8,MIN
starbka01w,,,,,,,,,,,,,,,,,,,,,,,,1,UTA
starbka01w,29.0,0.0,340.0,117.0,12.0,21.0,33.0,30.0,13.0,11.0,29.0,32.0,109.0,39.0,42.0,34.0,23.0,5.0,0.0,73.0,153.0,1975-07-30,0000-00-00,2,UTA
starbka01w,23.0,7.0,310.0,109.0,13.0,17.0,30.0,21.0,8.0,1.0,15.0,30.0,110.0,41.0,27.0,22.0,23.0,5.0,0.0,73.0,153.0,1975-07-30,0000-00-00,3,UTA
starbka01w,23.0,7.0,310.0,109.0,13.0,17.0,30.0,21.0,8.0,1.0,15.0,30.0,110.0,41.0,27.0,22.0,23.0,5.0,0.0,73.0,153.0,1975-07-30,0000-00-00,3,SEA
starbka01w,24.0,0.0,274.0,79.0,3.0,23.0,26.0,19.0,15.0,8.0,13.0,35.0,69.0,30.0,16.0,12.0,19.0,7.0,0.0,73.0,153.0,1975-07-30,0000-00-00,5,IND
stedika01w,,,,,,,,,,,,,,,,,,,,,,,,1,SAC
stedika01w,29.0,0.0,309.0,91.0,11.0,28.0,39.0,14.0,11.0,10.0,17.0,22.0,95.0,36.0,7.0,2.0,53.0,17.0,0.0,72.0,173.0,1967-12-11,0000-00-00,2,SEA
stepama01w,,,,,,,,,,,,,,,,,,,,,,,,1,PHO
stepama01w,15.0,1.0,170.0,57.0,15.0,33.0,48.0,8.0,4.0,9.0,22.0,42.0,54.0,24.0,15.0,9.0,0.0,0.0,1.0,80.0,187.0,1979-02-23,0000-00-00,2,PHO
stepama01w,32.0,31.0,815.0,334.0,66.0,135.0,201.0,41.0,43.0,64.0,50.0,110.0,282.0,143.0,78.0,48.0,2.0,0.0,3.0,80.0,187.0,1979-02-23,0000-00-00,6,PHO
stephst01w,,,,,,,,,,,,,,,,,,,,,,,,5,DET
stevema01w,,,,,,,,,,,,,,,,,,,,,,,,5,SAS
stevema01w,29.0,0.0,259.0,38.0,11.0,24.0,35.0,5.0,6.0,4.0,11.0,32.0,45.0,15.0,8.0,7.0,1.0,1.0,0.0,75.0,166.0,1982-02-04,0000-00-00,6,SEA
stevema01w,4.0,1.0,53.0,6.0,2.0,4.0,6.0,1.0,2.0,0.0,4.0,3.0,12.0,3.0,0.0,0.0,1.0,0.0,0.0,75.0,166.0,1982-02-04,0000-00-00,7,PHO
stileja01w,,,,,,,,,,,,,,,,,,,,,,,,2,POR
stileja01w,32.0,32.0,1023.0,478.0,24.0,53.0,77.0,55.0,24.0,3.0,68.0,75.0,385.0,156.0,149.0,116.0,116.0,50.0,0.0,68.0,144.0,1978-12-21,0000-00-00,3,POR
stinsan01w,,,,,,,,,,,,,,,,,,,,,,,,1,CHA
stinsan01w,32.0,32.0,1123.0,565.0,35.0,101.0,136.0,121.0,55.0,23.0,86.0,77.0,463.0,214.0,134.0,99.0,106.0,38.0,0.0,70.0,158.0,1967-11-25,0000-00-00,2,CHA
stinsan01w,32.0,32.0,1006.0,450.0,39.0,98.0,137.0,88.0,43.0,19.0,70.0,59.0,370.0,179.0,79.0,63.0,65.0,29.0,0.0,70.0,158.0,1967-11-25,0000-00-00,3,CHA
stinsan01w,32.0,32.0,950.0,411.0,37.0,140.0,177.0,91.0,37.0,9.0,52.0,56.0,349.0,159.0,93.0,64.0,70.0,29.0,0.0,70.0,158.0,1967-11-25,0000-00-00,4,CHA
stinsan01w,34.0,34.0,1000.0,377.0,28.0,112.0,140.0,97.0,48.0,5.0,75.0,70.0,321.0,147.0,79.0,60.0,75.0,23.0,0.0,70.0,158.0,1967-11-25,0000-00-00,5,CHA
stinsan01w,34.0,34.0,777.0,203.0,25.0,94.0,119.0,49.0,27.0,7.0,41.0,60.0,191.0,79.0,44.0,34.0,37.0,11.0,1.0,70.0,158.0,1967-11-25,0000-00-00,6,DET
stiresh01w,,,,,,,,,,,,,,,,,,,,,,,,1,MIN
stiresh01w,21.0,0.0,117.0,35.0,6.0,8.0,14.0,7.0,6.0,0.0,14.0,22.0,29.0,13.0,6.0,4.0,10.0,5.0,0.0,71.0,208.0,1972-05-21,0000-00-00,2,MIN
stiresh01w,18.0,5.0,201.0,51.0,10.0,17.0,27.0,14.0,8.0,4.0,19.0,26.0,53.0,20.0,7.0,5.0,25.0,6.0,0.0,71.0,208.0,1972-05-21,0000-00-00,3,MIN
stockta01w,,,,,,,,,,,,,,,,,,,,,,,,2,WAS
streiju01w,,,,,,,,,,,,,,,,,,,,,,,,1,IND
streiju01w,27.0,6.0,424.0,121.0,25.0,46.0,71.0,44.0,16.0,23.0,32.0,67.0,117.0,46.0,35.0,27.0,6.0,2.0,1.0,74.0,165.0,1972-05-14,0000-00-00,2,IND
streiju01w,27.0,26.0,707.0,246.0,45.0,94.0,139.0,52.0,37.0,19.0,52.0,81.0,207.0,99.0,57.0,48.0,9.0,0.0,2.0,74.0,165.0,1972-05-14,0000-00-00,6,IND
strotan01w,,,,,,,,,,,,,,,,,,,,,,,,7,PHO
strotan01w,8.0,0.0,39.0,16.0,2.0,3.0,5.0,2.0,1.0,2.0,0.0,3.0,14.0,6.0,0.0,0.0,10.0,4.0,0.0,75.0,166.0,1983-12-11,0000-00-00,8,IND
strotan01w,12.0,0.0,69.0,28.0,6.0,3.0,9.0,3.0,0.0,0.0,2.0,5.0,31.0,10.0,2.0,2.0,15.0,6.0,0.0,75.0,166.0,1983-12-11,0000-00-00,9,ATL
summela01w,,,,,,,,,,,,,,,,,,,,,,,,6,CON
summela01w,11.0,0.0,43.0,10.0,5.0,5.0,10.0,3.0,2.0,0.0,4.0,11.0,9.0,3.0,5.0,4.0,0.0,0.0,0.0,74.0,167.0,1983-12-13,0000-00-00,7,CON
sun-mju01w,,,,,,,,,,,,,,,,,,,,,,,,4,SEA
suttota01w,,,,,,,,,,,,,,,,,,,,,,,,2,CHA
suttota01w,29.0,21.0,602.0,196.0,51.0,78.0,129.0,11.0,21.0,39.0,40.0,84.0,147.0,72.0,72.0,52.0,0.0,0.0,1.0,76.0,199.0,1978-01-27,0000-00-00,3,CHA
suttota01w,32.0,29.0,885.0,382.0,76.0,115.0,191.0,15.0,29.0,36.0,49.0,125.0,243.0,129.0,174.0,124.0,0.0,0.0,3.0,76.0,199.0,1978-01-27,0000-00-00,4,CHA
suttota01w,34.0,33.0,864.0,286.0,73.0,128.0,201.0,15.0,19.0,50.0,59.0,132.0,233.0,98.0,131.0,90.0,0.0,0.0,2.0,76.0,199.0,1978-01-27,0000-00-00,5,CHA
suttota01w,34.0,34.0,970.0,325.0,63.0,148.0,211.0,15.0,31.0,71.0,71.0,111.0,224.0,106.0,162.0,113.0,0.0,0.0,1.0,76.0,199.0,1978-01-27,0000-00-00,6,CHA
suttota01w,34.0,33.0,887.0,318.0,64.0,115.0,179.0,14.0,30.0,37.0,69.0,138.0,218.0,111.0,141.0,96.0,0.0,0.0,5.0,76.0,199.0,1978-01-27,0000-00-00,7,CHA
suttota01w,30.0,30.0,800.0,335.0,70.0,106.0,176.0,20.0,26.0,55.0,71.0,105.0,242.0,118.0,155.0,99.0,0.0,0.0,2.0,76.0,199.0,1978-01-27,0000-00-00,8,IND
suttota01w,34.0,33.0,860.0,409.0,66.0,118.0,184.0,30.0,35.0,47.0,85.0,115.0,307.0,149.0,155.0,111.0,0.0,0.0,1.0,76.0,199.0,1978-01-27,0000-00-00,9,IND
suttota01w,33.0,33.0,956.0,389.0,63.0,145.0,208.0,17.0,20.0,57.0,69.0,113.0,289.0,143.0,153.0,103.0,1.0,0.0,2.0,76.0,199.0,1978-01-27,0000-00-00,10,IND
swanike01w,,,,,,,,,,,,,,,,,,,,,,,,9,CON
swanike01w,25.0,6.0,231.0,41.0,5.0,24.0,29.0,26.0,14.0,1.0,20.0,17.0,47.0,13.0,10.0,8.0,30.0,7.0,0.0,67.0,144.0,1986-08-10,0000-00-00,10,PHO
swoopsh01w,,,,,,,,,,,,,,,,,,,,,,,,1,HOU
swoopsh01w,31.0,31.0,1090.0,643.0,40.0,155.0,195.0,119.0,87.0,33.0,82.0,67.0,484.0,245.0,145.0,119.0,91.0,34.0,0.0,72.0,145.0,1971-03-25,0000-00-00,3,HOU
swoopsh01w,32.0,32.0,1154.0,592.0,30.0,128.0,158.0,107.0,88.0,23.0,87.0,50.0,509.0,221.0,154.0,127.0,80.0,23.0,0.0,72.0,145.0,1971-03-25,0000-00-00,4,HOU
swoopsh01w,31.0,30.0,1084.0,484.0,32.0,111.0,143.0,121.0,77.0,26.0,73.0,48.0,434.0,175.0,124.0,110.0,79.0,24.0,0.0,72.0,145.0,1971-03-25,0000-00-00,5,HOU
swoopsh01w,31.0,31.0,1070.0,459.0,38.0,115.0,153.0,91.0,47.0,16.0,59.0,56.0,429.0,181.0,90.0,77.0,65.0,20.0,0.0,72.0,145.0,1971-03-25,0000-00-00,6,HOU
swoopsh01w,33.0,33.0,1225.0,614.0,27.0,92.0,119.0,141.0,66.0,26.0,72.0,54.0,486.0,217.0,180.0,153.0,75.0,27.0,0.0,72.0,145.0,1971-03-25,0000-00-00,7,HOU
swoopsh01w,31.0,31.0,1111.0,482.0,34.0,149.0,183.0,115.0,64.0,9.0,74.0,46.0,436.0,180.0,127.0,97.0,90.0,25.0,0.0,72.0,145.0,1971-03-25,0000-00-00,8,HOU
swoopsh01w,3.0,3.0,106.0,23.0,3.0,14.0,17.0,11.0,5.0,1.0,9.0,3.0,25.0,9.0,4.0,4.0,7.0,1.0,0.0,72.0,145.0,1971-03-25,0000-00-00,9,SEA
tateso01w,,,,,,,,,,,,,,,,,,,,,,,,1,MIN
tauradi01w,,,,,,,,,,,,,,,,,,,,,,,,5,PHO
tauradi01w,34.0,34.0,1130.0,578.0,28.0,121.0,149.0,132.0,43.0,25.0,90.0,117.0,503.0,209.0,129.0,98.0,188.0,62.0,4.0,72.0,172.0,1982-06-11,0000-00-00,6,PHO
tauradi01w,33.0,33.0,1089.0,527.0,22.0,116.0,138.0,150.0,38.0,28.0,112.0,111.0,427.0,175.0,151.0,121.0,179.0,56.0,2.0,72.0,172.0,1982-06-11,0000-00-00,7,PHO
tauradi01w,34.0,34.0,1152.0,860.0,25.0,97.0,122.0,139.0,42.0,27.0,79.0,100.0,660.0,298.0,183.0,143.0,305.0,121.0,2.0,72.0,172.0,1982-06-11,0000-00-00,8,PHO
tauradi01w,32.0,32.0,1025.0,613.0,18.0,117.0,135.0,137.0,45.0,34.0,84.0,106.0,468.0,206.0,127.0,106.0,259.0,95.0,1.0,72.0,172.0,1982-06-11,0000-00-00,9,PHO
tauradi01w,34.0,34.0,1083.0,820.0,26.0,146.0,172.0,121.0,46.0,46.0,83.0,125.0,579.0,258.0,247.0,215.0,247.0,89.0,2.0,72.0,172.0,1982-06-11,0000-00-00,10,PHO
tayloli01w,,,,,,,,,,,,,,,,,,,,,,,,5,PHO
taylope01w,,,,,,,,,,,,,,,,,,,,,,,,2,CLE
taylope01w,32.0,0.0,561.0,230.0,36.0,76.0,112.0,44.0,35.0,11.0,38.0,46.0,225.0,86.0,46.0,36.0,73.0,22.0,0.0,73.0,168.0,1981-05-24,0000-00-00,3,CLE
taylope01w,30.0,26.0,908.0,391.0,51.0,107.0,158.0,68.0,37.0,11.0,58.0,66.0,320.0,133.0,102.0,87.0,111.0,38.0,0.0,73.0,168.0,1981-05-24,0000-00-00,4,CLE
taylope01w,34.0,33.0,898.0,398.0,44.0,104.0,148.0,80.0,38.0,10.0,60.0,53.0,340.0,143.0,95.0,78.0,99.0,34.0,0.0,73.0,168.0,1981-05-24,0000-00-00,5,PHO
taylope01w,33.0,33.0,1076.0,434.0,51.0,109.0,160.0,82.0,52.0,14.0,81.0,108.0,310.0,150.0,108.0,93.0,96.0,41.0,1.0,73.0,168.0,1981-05-24,0000-00-00,6,PHO
taylope01w,29.0,29.0,852.0,382.0,38.0,82.0,120.0,94.0,38.0,11.0,77.0,86.0,261.0,121.0,118.0,102.0,94.0,38.0,2.0,73.0,168.0,1981-05-24,0000-00-00,7,PHO
taylope01w,20.0,8.0,536.0,277.0,32.0,81.0,113.0,51.0,29.0,9.0,29.0,57.0,220.0,98.0,66.0,57.0,65.0,24.0,1.0,73.0,168.0,1981-05-24,0000-00-00,8,PHO
taylope01w,34.0,34.0,1010.0,605.0,73.0,141.0,214.0,98.0,51.0,22.0,77.0,120.0,397.0,198.0,198.0,175.0,90.0,34.0,2.0,73.0,168.0,1981-05-24,0000-00-00,10,PHO
teaslni01w,,,,,,,,,,,,,,,,,,,,,,,,3,LAS
teaslni01w,32.0,32.0,882.0,204.0,17.0,67.0,84.0,140.0,25.0,9.0,68.0,63.0,166.0,67.0,40.0,30.0,100.0,40.0,1.0,72.0,169.0,1979-03-22,0000-00-00,4,LAS
teaslni01w,34.0,34.0,1189.0,392.0,30.0,145.0,175.0,214.0,39.0,15.0,108.0,68.0,288.0,112.0,112.0,98.0,165.0,70.0,0.0,72.0,169.0,1979-03-22,0000-00-00,5,LAS
teaslni01w,34.0,34.0,1105.0,336.0,29.0,87.0,116.0,207.0,43.0,7.0,103.0,89.0,278.0,108.0,68.0,52.0,165.0,68.0,0.0,72.0,169.0,1979-03-22,0000-00-00,6,LAS
teaslni01w,19.0,19.0,551.0,141.0,6.0,47.0,53.0,70.0,23.0,4.0,47.0,38.0,135.0,45.0,26.0,22.0,94.0,29.0,0.0,72.0,169.0,1979-03-22,0000-00-00,7,WAS
teaslni01w,34.0,34.0,975.0,364.0,13.0,76.0,89.0,183.0,44.0,11.0,77.0,81.0,318.0,118.0,92.0,76.0,151.0,52.0,1.0,72.0,169.0,1979-03-22,0000-00-00,8,WAS
teaslni01w,33.0,33.0,746.0,172.0,19.0,54.0,73.0,109.0,23.0,6.0,62.0,80.0,152.0,51.0,45.0,42.0,85.0,28.0,0.0,72.0,169.0,1979-03-22,0000-00-00,10,ATL
teaslni01w,33.0,33.0,746.0,172.0,19.0,54.0,73.0,109.0,23.0,6.0,62.0,80.0,152.0,51.0,45.0,42.0,85.0,28.0,0.0,72.0,169.0,1979-03-22,0000-00-00,10,DET
teilaza01w,,,,,,,,,,,,,,,,,,,,,,,,7,WAS
terryka01w,,,,,,,,,,,,,,,,,,,,,,,,7,IND
terryka01w,10.0,0.0,53.0,23.0,4.0,10.0,14.0,0.0,0.0,3.0,8.0,14.0,19.0,11.0,5.0,1.0,0.0,0.0,0.0,75.0,183.0,1983-10-21,0000-00-00,8,IND
terryka01w,9.0,0.0,54.0,9.0,5.0,9.0,14.0,1.0,2.0,3.0,11.0,18.0,12.0,3.0,4.0,3.0,0.0,0.0,1.0,75.0,183.0,1983-10-21,0000-00-00,9,IND
terryka01w,9.0,0.0,54.0,9.0,5.0,9.0,14.0,1.0,2.0,3.0,11.0,18.0,12.0,3.0,4.0,3.0,0.0,0.0,1.0,75.0,183.0,1983-10-21,0000-00-00,9,ATL
thomaca01w,,,,,,,,,,,,,,,,,,,,,,,,8,CHI
thomach01w,,,,,,,,,,,,,,,,,,,,,,,,5,LAS
thomach01w,31.0,8.0,547.0,165.0,43.0,77.0,120.0,23.0,18.0,14.0,27.0,80.0,143.0,66.0,41.0,28.0,11.0,5.0,0.0,75.0,185.0,1982-08-14,0000-00-00,6,LAS
thomach01w,32.0,0.0,520.0,122.0,28.0,76.0,104.0,17.0,11.0,19.0,25.0,102.0,96.0,48.0,32.0,22.0,12.0,4.0,1.0,75.0,185.0,1982-08-14,0000-00-00,7,LAS
thomach01w,27.0,1.0,539.0,164.0,43.0,100.0,143.0,26.0,20.0,14.0,42.0,80.0,133.0,65.0,47.0,30.0,20.0,4.0,1.0,75.0,185.0,1982-08-14,0000-00-00,8,LAS
thomach01w,34.0,19.0,640.0,287.0,66.0,113.0,179.0,18.0,22.0,9.0,46.0,119.0,237.0,114.0,70.0,53.0,17.0,6.0,2.0,75.0,185.0,1982-08-14,0000-00-00,9,LAS
thomach01w,20.0,0.0,159.0,29.0,10.0,30.0,40.0,6.0,2.0,8.0,8.0,33.0,34.0,12.0,8.0,4.0,6.0,1.0,0.0,75.0,185.0,1982-08-14,0000-00-00,10,MIN
thomala01w,,,,,,,,,,,,,,,,,,,,,,,,4,CLE
thomala01w,32.0,25.0,852.0,345.0,63.0,101.0,164.0,37.0,28.0,13.0,42.0,62.0,296.0,137.0,90.0,71.0,6.0,0.0,1.0,74.0,165.0,1981-07-06,0000-00-00,5,SAS
thomala01w,31.0,30.0,964.0,440.0,48.0,90.0,138.0,42.0,25.0,11.0,56.0,99.0,350.0,171.0,113.0,95.0,8.0,3.0,1.0,74.0,165.0,1981-07-06,0000-00-00,6,SAS
thomala01w,21.0,12.0,505.0,185.0,18.0,50.0,68.0,22.0,7.0,8.0,33.0,42.0,161.0,69.0,49.0,44.0,7.0,3.0,0.0,74.0,165.0,1981-07-06,0000-00-00,7,SAS
thomala01w,19.0,0.0,369.0,157.0,27.0,55.0,82.0,22.0,14.0,7.0,27.0,49.0,124.0,56.0,59.0,45.0,0.0,0.0,1.0,74.0,165.0,1981-07-06,0000-00-00,8,LAS
thomala01w,27.0,7.0,487.0,208.0,27.0,34.0,61.0,32.0,9.0,7.0,29.0,63.0,174.0,77.0,46.0,38.0,38.0,16.0,0.0,74.0,165.0,1981-07-06,0000-00-00,9,DET
thomala01w,27.0,7.0,487.0,208.0,27.0,34.0,61.0,32.0,9.0,7.0,29.0,63.0,174.0,77.0,46.0,38.0,38.0,16.0,0.0,74.0,165.0,1981-07-06,0000-00-00,9,MIN
thomast01w,,,,,,,,,,,,,,,,,,,,,,,,1,POR
thomast01w,32.0,31.0,863.0,163.0,48.0,78.0,126.0,101.0,54.0,15.0,68.0,93.0,163.0,58.0,74.0,44.0,12.0,3.0,1.0,70.0,154.0,1978-08-29,0000-00-00,2,POR
thomast01w,32.0,1.0,413.0,59.0,31.0,39.0,70.0,41.0,30.0,10.0,40.0,57.0,60.0,22.0,35.0,15.0,7.0,0.0,0.0,70.0,154.0,1978-08-29,0000-00-00,3,POR
thomast01w,32.0,6.0,621.0,143.0,34.0,60.0,94.0,67.0,42.0,12.0,36.0,62.0,148.0,51.0,61.0,31.0,39.0,10.0,0.0,70.0,154.0,1978-08-29,0000-00-00,4,PHO
thomast01w,32.0,6.0,621.0,143.0,34.0,60.0,94.0,67.0,42.0,12.0,36.0,62.0,148.0,51.0,61.0,31.0,39.0,10.0,0.0,70.0,154.0,1978-08-29,0000-00-00,4,DET
thomast01w,30.0,1.0,269.0,61.0,15.0,28.0,43.0,15.0,20.0,9.0,16.0,24.0,62.0,20.0,27.0,14.0,27.0,7.0,0.0,70.0,154.0,1978-08-29,0000-00-00,5,DET
thomast01w,1.0,0.0,1.0,0.0,0.0,0.0,0.0,0.0,0.0,0.0,0.0,0.0,0.0,0.0,0.0,0.0,0.0,0.0,0.0,70.0,154.0,1978-08-29,0000-00-00,6,DET
thomast01w,1.0,0.0,1.0,0.0,0.0,0.0,0.0,0.0,0.0,0.0,0.0,0.0,0.0,0.0,0.0,0.0,0.0,0.0,0.0,70.0,154.0,1978-08-29,0000-00-00,6,MIN
thompal01w,,,,,,,,,,,,,,,,,,,,,,,,1,IND
thompal01w,31.0,26.0,792.0,310.0,48.0,109.0,157.0,41.0,24.0,4.0,53.0,85.0,255.0,131.0,42.0,30.0,40.0,18.0,4.0,73.0,180.0,1976-06-30,0000-00-00,2,IND
thompal01w,22.0,7.0,381.0,186.0,21.0,42.0,63.0,25.0,9.0,7.0,22.0,24.0,174.0,76.0,23.0,17.0,43.0,17.0,0.0,73.0,180.0,1976-06-30,0000-00-00,3,IND
thompal01w,18.0,2.0,314.0,97.0,12.0,30.0,42.0,14.0,7.0,2.0,18.0,20.0,109.0,39.0,17.0,12.0,29.0,7.0,0.0,73.0,180.0,1976-06-30,0000-00-00,5,SEA
thompal01w,23.0,2.0,182.0,52.0,8.0,16.0,24.0,9.0,6.0,0.0,7.0,9.0,54.0,24.0,2.0,1.0,16.0,3.0,0.0,73.0,180.0,1976-06-30,0000-00-00,6,SEA
thompti01w,,,,,,,,,,,,,,,,,,,,,,,,1,HOU
thompti01w,32.0,32.0,1087.0,540.0,68.0,177.0,245.0,48.0,47.0,25.0,84.0,88.0,407.0,191.0,123.0,103.0,132.0,55.0,0.0,74.0,178.0,1975-02-10,0000-00-00,2,HOU
thompti01w,30.0,30.0,1102.0,579.0,84.0,149.0,233.0,58.0,29.0,22.0,87.0,74.0,528.0,199.0,163.0,137.0,150.0,44.0,0.0,74.0,178.0,1975-02-10,0000-00-00,3,HOU
thompti01w,29.0,29.0,1052.0,485.0,67.0,150.0,217.0,62.0,25.0,20.0,92.0,76.0,408.0,176.0,113.0,93.0,108.0,40.0,0.0,74.0,178.0,1975-02-10,0000-00-00,4,HOU
thompti01w,28.0,28.0,974.0,472.0,39.0,126.0,165.0,47.0,18.0,23.0,69.0,65.0,426.0,176.0,104.0,81.0,114.0,39.0,0.0,74.0,178.0,1975-02-10,0000-00-00,5,HOU
thompti01w,26.0,26.0,943.0,520.0,44.0,113.0,157.0,48.0,22.0,23.0,70.0,68.0,448.0,180.0,147.0,116.0,108.0,44.0,0.0,74.0,178.0,1975-02-10,0000-00-00,6,HOU
thompti01w,15.0,15.0,439.0,152.0,17.0,40.0,57.0,22.0,12.0,4.0,32.0,32.0,150.0,62.0,21.0,16.0,40.0,12.0,0.0,74.0,178.0,1975-02-10,0000-00-00,7,HOU
thompti01w,21.0,21.0,696.0,392.0,31.0,87.0,118.0,47.0,20.0,13.0,52.0,53.0,304.0,139.0,92.0,74.0,96.0,40.0,0.0,74.0,178.0,1975-02-10,0000-00-00,8,HOU
thompti01w,34.0,34.0,1234.0,639.0,65.0,164.0,229.0,94.0,29.0,23.0,112.0,62.0,495.0,208.0,205.0,171.0,130.0,52.0,0.0,74.0,178.0,1975-02-10,0000-00-00,9,HOU
thompti01w,30.0,29.0,1074.0,542.0,48.0,160.0,208.0,64.0,33.0,20.0,112.0,74.0,456.0,188.0,128.0,110.0,139.0,56.0,0.0,74.0,178.0,1975-02-10,0000-00-00,10,LAS
thorbsh01w,,,,,,,,,,,,,,,,,,,,,,,,7,MIN
thorbsh01w,22.0,0.0,141.0,16.0,4.0,14.0,18.0,19.0,4.0,2.0,14.0,11.0,27.0,5.0,8.0,5.0,8.0,1.0,0.0,69.0,149.0,1982-08-07,0000-00-00,8,SEA
thorner01w,,,,,,,,,,,,,,,,,,,,,,,,4,NYL
thorner01w,23.0,0.0,181.0,44.0,3.0,8.0,11.0,16.0,4.0,1.0,13.0,8.0,42.0,13.0,10.0,10.0,33.0,8.0,0.0,70.0,150.0,1981-05-19,0000-00-00,5,NYL
thorner01w,17.0,1.0,156.0,34.0,0.0,8.0,8.0,8.0,4.0,1.0,9.0,5.0,45.0,12.0,2.0,1.0,31.0,9.0,0.0,70.0,150.0,1981-05-19,0000-00-00,6,NYL
thorner01w,21.0,0.0,203.0,56.0,4.0,10.0,14.0,13.0,4.0,0.0,7.0,12.0,54.0,21.0,4.0,4.0,29.0,10.0,0.0,70.0,150.0,1981-05-19,0000-00-00,7,NYL
thorner01w,27.0,1.0,378.0,166.0,9.0,29.0,38.0,33.0,6.0,1.0,21.0,22.0,132.0,55.0,31.0,28.0,65.0,28.0,0.0,70.0,150.0,1981-05-19,0000-00-00,8,NYL
thorner01w,29.0,29.0,883.0,281.0,17.0,70.0,87.0,73.0,25.0,1.0,48.0,40.0,245.0,104.0,34.0,25.0,123.0,48.0,0.0,70.0,150.0,1981-05-19,0000-00-00,9,NYL
thorner01w,32.0,5.0,380.0,101.0,2.0,18.0,20.0,36.0,7.0,2.0,20.0,22.0,106.0,36.0,11.0,10.0,71.0,19.0,0.0,70.0,150.0,1981-05-19,0000-00-00,10,CHI
threaro01w,,,,,,,,,,,,,,,,,,,,,,,,1,SEA
tilliic01w,,,,,,,,,,,,,,,,,,,,,,,,5,DET
tilliic01w,31.0,1.0,287.0,83.0,13.0,26.0,39.0,13.0,9.0,8.0,23.0,23.0,74.0,35.0,12.0,7.0,18.0,6.0,0.0,77.0,165.0,1981-12-06,0000-00-00,7,NYL
tilliic01w,25.0,0.0,256.0,86.0,21.0,34.0,55.0,11.0,10.0,4.0,22.0,46.0,89.0,32.0,22.0,16.0,29.0,6.0,2.0,77.0,165.0,1981-12-06,0000-00-00,8,LAS
tilliic01w,25.0,0.0,256.0,86.0,21.0,34.0,55.0,11.0,10.0,4.0,22.0,46.0,89.0,32.0,22.0,16.0,29.0,6.0,2.0,77.0,165.0,1981-12-06,0000-00-00,8,DET
timmsmi01w,,,,,,,,,,,,,,,,,,,,,,,,1,PHO
timmsmi01w,8.0,8.0,176.0,30.0,2.0,14.0,16.0,18.0,15.0,2.0,18.0,22.0,30.0,11.0,4.0,4.0,17.0,4.0,0.0,67.0,132.0,1965-06-28,0000-00-00,2,PHO
tolivkr01w,,,,,,,,,,,,,,,,,,,,,,,,10,CHI
torniel01w,,,,,,,,,,,,,,,,,,,,,,,,1,DET
torniel01w,32.0,32.0,869.0,330.0,41.0,69.0,110.0,82.0,29.0,13.0,68.0,73.0,241.0,122.0,93.0,85.0,8.0,1.0,0.0,73.0,160.0,1965-05-27,0000-00-00,2,DET
torrele01w,,,,,,,,,,,,,,,,,,,,,,,,2,MIA
traviti01w,,,,,,,,,,,,,,,,,,,,,,,,1,CHA
tremich01w,,,,,,,,,,,,,,,,,,,,,,,,1,IND
turneba01w,,,,,,,,,,,,,,,,,,,,,,,,7,SEA
turneba01w,34.0,9.0,622.0,216.0,26.0,60.0,86.0,48.0,13.0,6.0,47.0,56.0,159.0,71.0,77.0,64.0,40.0,10.0,0.0,72.0,172.0,1984-06-08,0000-00-00,8,HOU
turneba01w,22.0,2.0,263.0,92.0,9.0,33.0,42.0,20.0,8.0,4.0,21.0,25.0,72.0,29.0,41.0,27.0,30.0,7.0,0.0,72.0,172.0,1984-06-08,0000-00-00,9,CON
turneba01w,34.0,6.0,663.0,273.0,23.0,85.0,108.0,52.0,12.0,14.0,40.0,62.0,192.0,80.0,89.0,69.0,118.0,44.0,0.0,72.0,172.0,1984-06-08,0000-00-00,10,CON
tuvicsl01w,,,,,,,,,,,,,,,,,,,,,,,,2,PHO
tuvicsl01w,30.0,0.0,325.0,54.0,18.0,45.0,63.0,17.0,16.0,17.0,28.0,49.0,42.0,13.0,59.0,28.0,0.0,0.0,0.0,76.0,194.0,1977-09-19,0000-00-00,3,PHO
tuvicsl01w,26.0,1.0,320.0,86.0,11.0,52.0,63.0,11.0,9.0,9.0,31.0,53.0,77.0,30.0,32.0,25.0,6.0,1.0,0.0,76.0,194.0,1977-09-19,0000-00-00,4,PHO
tuvicsl01w,17.0,14.0,365.0,127.0,31.0,36.0,67.0,12.0,10.0,15.0,32.0,61.0,116.0,45.0,46.0,37.0,4.0,0.0,2.0,76.0,194.0,1977-09-19,0000-00-00,5,PHO
udokamf01w,,,,,,,,,,,,,,,,,,,,,,,,4,HOU
udokamf01w,25.0,3.0,251.0,80.0,22.0,29.0,51.0,4.0,4.0,2.0,21.0,38.0,64.0,32.0,23.0,16.0,1.0,0.0,0.0,72.0,187.0,1976-06-16,0000-00-00,5,LAS
ujhelpe01w,,,,,,,,,,,,,,,,,,,,,,,,4,DET
umoh-it01w,,,,,,,,,,,,,,,,,,,,,,,,4,HOU
valdeam01w,,,,,,,,,,,,,,,,,,,,,,,,1,HOU
vangomi01w,,,,,,,,,,,,,,,,,,,,,,,,1,POR
vangomi01w,28.0,1.0,199.0,69.0,16.0,26.0,42.0,5.0,3.0,4.0,30.0,37.0,50.0,25.0,35.0,19.0,0.0,0.0,0.0,78.0,187.0,1977-05-10,0000-00-00,2,MIN
vangomi01w,22.0,8.0,243.0,41.0,15.0,19.0,34.0,12.0,3.0,6.0,18.0,36.0,40.0,15.0,20.0,11.0,1.0,0.0,0.0,78.0,187.0,1977-05-10,0000-00-00,3,MIN
vangomi01w,22.0,13.0,352.0,100.0,29.0,35.0,64.0,14.0,6.0,11.0,20.0,53.0,90.0,41.0,22.0,16.0,7.0,2.0,2.0,78.0,187.0,1977-05-10,0000-00-00,4,MIN
vangomi01w,31.0,1.0,528.0,175.0,32.0,75.0,107.0,17.0,10.0,20.0,56.0,87.0,162.0,70.0,52.0,35.0,1.0,0.0,2.0,78.0,187.0,1977-05-10,0000-00-00,5,MIN
vaughki01w,,,,,,,,,,,,,,,,,,,,,,,,10,NYL
vaughkr01w,,,,,,,,,,,,,,,,,,,,,,,,9,WAS
vealkr01w,,,,,,,,,,,,,,,,,,,,,,,,2,PHO
vealkr01w,29.0,14.0,658.0,116.0,14.0,46.0,60.0,125.0,33.0,4.0,82.0,58.0,125.0,35.0,42.0,32.0,50.0,14.0,0.0,70.0,150.0,1981-07-24,0000-00-00,3,PHO
vilipda01w,,,,,,,,,,,,,,,,,,,,,,,,7,LAS
vodicka01w,,,,,,,,,,,,,,,,,,,,,,,,1,SEA
vodicka01w,23.0,19.0,489.0,200.0,28.0,69.0,97.0,22.0,13.0,12.0,57.0,63.0,171.0,68.0,78.0,60.0,20.0,4.0,0.0,76.0,190.0,1972-12-19,0000-00-00,2,SEA
vodicka01w,29.0,4.0,405.0,150.0,25.0,46.0,71.0,23.0,16.0,7.0,34.0,56.0,122.0,51.0,44.0,38.0,25.0,10.0,0.0,76.0,190.0,1972-12-19,0000-00-00,3,SEA
vodicka01w,32.0,30.0,817.0,295.0,61.0,115.0,176.0,47.0,36.0,18.0,55.0,96.0,245.0,114.0,67.0,54.0,38.0,13.0,1.0,76.0,190.0,1972-12-19,0000-00-00,4,SEA
vodicka01w,28.0,27.0,709.0,284.0,55.0,88.0,143.0,31.0,20.0,21.0,53.0,101.0,213.0,101.0,101.0,82.0,5.0,0.0,4.0,76.0,190.0,1972-12-19,0000-00-00,5,SEA
vodicka01w,34.0,34.0,873.0,273.0,65.0,103.0,168.0,55.0,32.0,12.0,73.0,110.0,241.0,94.0,108.0,84.0,2.0,1.0,5.0,76.0,190.0,1972-12-19,0000-00-00,6,PHO
vodicka01w,28.0,25.0,821.0,305.0,60.0,136.0,196.0,63.0,28.0,22.0,58.0,86.0,257.0,127.0,72.0,48.0,7.0,3.0,2.0,76.0,190.0,1972-12-19,0000-00-00,7,PHO
vodopna01w,,,,,,,,,,,,,,,,,,,,,,,,6,SEA
walkeas01w,,,,,,,,,,,,,,,,,,,,,,,,10,SEA
walkeay01w,,,,,,,,,,,,,,,,,,,,,,,,3,DET
walkeay01w,32.0,0.0,548.0,162.0,56.0,62.0,118.0,17.0,12.0,34.0,29.0,56.0,167.0,63.0,49.0,34.0,9.0,2.0,0.0,75.0,142.0,1979-09-10,0000-00-00,4,DET
walkeay01w,34.0,1.0,271.0,56.0,34.0,37.0,71.0,10.0,10.0,11.0,19.0,33.0,70.0,24.0,21.0,8.0,0.0,0.0,0.0,75.0,142.0,1979-09-10,0000-00-00,5,DET
walkeay01w,18.0,1.0,148.0,18.0,10.0,16.0,26.0,6.0,1.0,4.0,5.0,13.0,28.0,8.0,6.0,2.0,0.0,0.0,0.0,75.0,142.0,1979-09-10,0000-00-00,6,DET
walkeay01w,18.0,1.0,148.0,18.0,10.0,16.0,26.0,6.0,1.0,4.0,5.0,13.0,28.0,8.0,6.0,2.0,0.0,0.0,0.0,75.0,142.0,1979-09-10,0000-00-00,6,CHA
walkeay01w,21.0,11.0,333.0,71.0,20.0,45.0,65.0,19.0,8.0,12.0,19.0,26.0,68.0,29.0,20.0,13.0,0.0,0.0,0.0,75.0,142.0,1979-09-10,0000-00-00,7,CHA
walkeay01w,25.0,0.0,181.0,46.0,11.0,20.0,31.0,3.0,10.0,10.0,4.0,31.0,37.0,17.0,21.0,12.0,0.0,0.0,0.0,75.0,142.0,1979-09-10,0000-00-00,8,DET
walkede01w,,,,,,,,,,,,,,,,,,,,,,,,1,POR
walkede01w,30.0,1.0,311.0,92.0,29.0,18.0,47.0,19.0,17.0,7.0,35.0,69.0,88.0,35.0,47.0,22.0,2.0,0.0,1.0,75.0,168.0,1977-11-28,0000-00-00,2,POR
walkede01w,21.0,0.0,297.0,113.0,29.0,29.0,58.0,10.0,7.0,12.0,35.0,51.0,100.0,44.0,40.0,23.0,3.0,2.0,0.0,75.0,168.0,1977-11-28,0000-00-00,3,POR
walkede01w,31.0,29.0,848.0,339.0,55.0,99.0,154.0,51.0,26.0,33.0,90.0,97.0,287.0,139.0,95.0,59.0,12.0,2.0,0.0,75.0,168.0,1977-11-28,0000-00-00,4,SAC
walkede01w,34.0,21.0,740.0,307.0,61.0,88.0,149.0,47.0,25.0,23.0,69.0,95.0,242.0,111.0,143.0,83.0,15.0,2.0,0.0,75.0,168.0,1977-11-28,0000-00-00,5,SAC
walkede01w,34.0,34.0,884.0,284.0,72.0,71.0,143.0,86.0,26.0,13.0,86.0,109.0,267.0,111.0,103.0,62.0,10.0,0.0,1.0,75.0,168.0,1977-11-28,0000-00-00,6,SAC
walkede01w,22.0,19.0,598.0,311.0,47.0,70.0,117.0,48.0,28.0,13.0,69.0,66.0,234.0,125.0,93.0,60.0,1.0,1.0,1.0,75.0,168.0,1977-11-28,0000-00-00,7,SAC
walkede01w,23.0,8.0,438.0,213.0,55.0,37.0,92.0,32.0,15.0,7.0,36.0,53.0,181.0,79.0,84.0,55.0,0.0,0.0,1.0,75.0,168.0,1977-11-28,0000-00-00,8,SAC
walkede01w,5.0,5.0,105.0,44.0,17.0,8.0,25.0,6.0,3.0,3.0,15.0,11.0,42.0,17.0,14.0,10.0,0.0,0.0,0.0,75.0,168.0,1977-11-28,0000-00-00,9,SAC
walkede01w,7.0,0.0,52.0,11.0,4.0,2.0,6.0,1.0,5.0,0.0,10.0,10.0,11.0,5.0,2.0,1.0,0.0,0.0,0.0,75.0,168.0,1977-11-28,0000-00-00,10,SAC
walkema01w,,,,,,,,,,,,,,,,,,,,,,,,9,HOU
walsema01w,,,,,,,,,,,,,,,,,,,,,,,,2,SAC
walsema01w,4.0,0.0,8.0,4.0,2.0,0.0,2.0,0.0,0.0,0.0,2.0,2.0,2.0,1.0,2.0,2.0,0.0,0.0,0.0,74.0,184.0,1978-10-28,0000-00-00,3,WAS
washico01w,,,,,,,,,,,,,,,,,,,,,,,,1,HOU
washico01w,25.0,0.0,236.0,43.0,3.0,16.0,19.0,24.0,16.0,0.0,19.0,19.0,33.0,12.0,20.0,16.0,15.0,3.0,0.0,66.0,138.0,1971-01-17,0000-00-00,2,HOU
washico01w,32.0,32.0,1013.0,169.0,20.0,98.0,118.0,122.0,69.0,9.0,57.0,63.0,177.0,63.0,22.0,14.0,81.0,29.0,1.0,66.0,138.0,1971-01-17,0000-00-00,3,HOU
washico01w,32.0,32.0,1013.0,169.0,20.0,98.0,118.0,122.0,69.0,9.0,57.0,63.0,177.0,63.0,22.0,14.0,81.0,29.0,1.0,66.0,138.0,1971-01-17,0000-00-00,3,IND
washico01w,32.0,23.0,674.0,124.0,14.0,60.0,74.0,79.0,36.0,2.0,44.0,60.0,120.0,43.0,22.0,16.0,52.0,22.0,1.0,66.0,138.0,1971-01-17,0000-00-00,4,IND
washito01w,,,,,,,,,,,,,,,,,,,,,,,,1,WAS
washito01w,19.0,0.0,103.0,26.0,6.0,8.0,14.0,5.0,2.0,0.0,4.0,4.0,29.0,8.0,6.0,4.0,14.0,6.0,0.0,71.0,160.0,1977-12-30,0000-00-00,2,WAS
washito01w,30.0,2.0,336.0,101.0,19.0,24.0,43.0,10.0,4.0,2.0,14.0,5.0,114.0,41.0,11.0,9.0,29.0,10.0,0.0,71.0,160.0,1977-12-30,0000-00-00,3,WAS
washito01w,25.0,0.0,291.0,73.0,27.0,11.0,38.0,15.0,3.0,2.0,16.0,6.0,86.0,28.0,13.0,11.0,18.0,6.0,0.0,71.0,160.0,1977-12-30,0000-00-00,4,WAS
washito01w,25.0,0.0,291.0,73.0,27.0,11.0,38.0,15.0,3.0,2.0,16.0,6.0,86.0,28.0,13.0,11.0,18.0,6.0,0.0,71.0,160.0,1977-12-30,0000-00-00,4,SEA
wautean01w,,,,,,,,,,,,,,,,,,,,,,,,1,CLE
wautean01w,32.0,0.0,598.0,199.0,47.0,82.0,129.0,37.0,21.0,24.0,63.0,75.0,149.0,78.0,58.0,43.0,2.0,0.0,0.0,76.0,193.0,1980-10-12,0000-00-00,2,CLE
wautean01w,24.0,14.0,622.0,234.0,35.0,79.0,114.0,35.0,17.0,13.0,50.0,55.0,153.0,87.0,75.0,60.0,2.0,0.0,0.0,76.0,193.0,1980-10-12,0000-00-00,3,CLE
wautean01w,28.0,25.0,802.0,314.0,45.0,95.0,140.0,39.0,16.0,21.0,59.0,74.0,217.0,120.0,87.0,74.0,1.0,0.0,0.0,76.0,193.0,1980-10-12,0000-00-00,5,NYL
wautean01w,13.0,4.0,271.0,82.0,10.0,30.0,40.0,21.0,4.0,8.0,21.0,28.0,66.0,29.0,29.0,23.0,3.0,1.0,0.0,76.0,193.0,1980-10-12,0000-00-00,6,NYL
wautean01w,28.0,28.0,879.0,383.0,47.0,137.0,184.0,41.0,18.0,23.0,71.0,91.0,279.0,151.0,105.0,79.0,2.0,2.0,1.0,76.0,193.0,1980-10-12,0000-00-00,9,SAS
wautean01w,32.0,31.0,980.0,471.0,47.0,192.0,239.0,56.0,36.0,38.0,70.0,75.0,366.0,195.0,98.0,70.0,31.0,11.0,0.0,76.0,193.0,1980-10-12,0000-00-00,10,SAS
weathte01w,,,,,,,,,,,,,,,,,,,,,,,,1,NYL
weathte01w,32.0,32.0,1078.0,205.0,16.0,93.0,109.0,205.0,65.0,5.0,86.0,85.0,153.0,67.0,81.0,60.0,44.0,11.0,0.0,68.0,161.0,1965-12-08,0000-00-00,2,NYL
weathte01w,32.0,32.0,974.0,207.0,29.0,89.0,118.0,203.0,55.0,4.0,81.0,83.0,167.0,72.0,79.0,53.0,26.0,10.0,1.0,68.0,161.0,1965-12-08,0000-00-00,3,NYL
weathte01w,32.0,32.0,954.0,108.0,23.0,63.0,86.0,181.0,42.0,3.0,78.0,88.0,114.0,39.0,54.0,28.0,20.0,2.0,2.0,68.0,161.0,1965-12-08,0000-00-00,4,NYL
weathte01w,34.0,34.0,824.0,98.0,19.0,78.0,97.0,149.0,28.0,5.0,62.0,60.0,96.0,37.0,32.0,24.0,4.0,0.0,0.0,68.0,161.0,1965-12-08,0000-00-00,5,LAS
webbum01w,,,,,,,,,,,,,,,,,,,,,,,,1,MIA
weberma01w,,,,,,,,,,,,,,,,,,,,,,,,8,NYL
weckeke01w,,,,,,,,,,,,,,,,,,,,,,,,6,SAS
weckeke01w,1.0,0.0,11.0,4.0,0.0,0.0,0.0,2.0,1.0,0.0,1.0,0.0,6.0,2.0,0.0,0.0,3.0,0.0,0.0,73.0,172.0,1982-12-16,0000-00-00,7,SAS
weckeke01w,34.0,11.0,578.0,190.0,22.0,62.0,84.0,47.0,11.0,3.0,32.0,42.0,214.0,75.0,27.0,21.0,56.0,19.0,0.0,73.0,172.0,1982-12-16,0000-00-00,8,SAS
weckeke01w,14.0,1.0,73.0,16.0,4.0,4.0,8.0,4.0,3.0,1.0,3.0,7.0,20.0,6.0,6.0,4.0,4.0,0.0,0.0,73.0,172.0,1982-12-16,0000-00-00,9,WAS
whaleli01w,,,,,,,,,,,,,,,,,,,,,,,,5,CON
whaleli01w,31.0,30.0,946.0,275.0,21.0,69.0,90.0,148.0,39.0,0.0,94.0,72.0,183.0,83.0,122.0,89.0,57.0,20.0,0.0,68.0,150.0,1982-05-09,0000-00-00,6,CON
whaleli01w,34.0,34.0,1047.0,411.0,29.0,99.0,128.0,172.0,42.0,2.0,89.0,90.0,290.0,135.0,156.0,125.0,46.0,16.0,0.0,68.0,150.0,1982-05-09,0000-00-00,7,CON
whaleli01w,33.0,33.0,861.0,296.0,17.0,105.0,122.0,153.0,34.0,2.0,79.0,56.0,226.0,88.0,124.0,112.0,62.0,8.0,0.0,68.0,150.0,1982-05-09,0000-00-00,8,CON
whaleli01w,34.0,34.0,1040.0,454.0,33.0,129.0,162.0,169.0,73.0,3.0,75.0,85.0,333.0,156.0,158.0,124.0,86.0,18.0,0.0,68.0,150.0,1982-05-09,0000-00-00,9,CON
whaleli01w,31.0,31.0,908.0,435.0,33.0,141.0,174.0,166.0,45.0,1.0,58.0,87.0,306.0,141.0,157.0,126.0,80.0,27.0,0.0,68.0,150.0,1982-05-09,0000-00-00,10,CON
whitede01w,,,,,,,,,,,,,,,,,,,,,,,,5,NYL
whitede01w,31.0,2.0,420.0,82.0,51.0,67.0,118.0,9.0,8.0,10.0,36.0,37.0,68.0,37.0,17.0,8.0,0.0,0.0,0.0,71.0,180.0,1980-04-03,0000-00-00,6,NYL
whiteer01w,,,,,,,,,,,,,,,,,,,,,,,,9,HOU
whiteer01w,34.0,2.0,426.0,121.0,14.0,33.0,47.0,47.0,23.0,3.0,48.0,60.0,88.0,25.0,78.0,70.0,7.0,1.0,0.0,63.0,135.0,1986-08-26,0000-00-00,10,IND
whiteta01w,,,,,,,,,,,,,,,,,,,,,,,,6,IND
whiteta01w,34.0,3.0,693.0,242.0,21.0,32.0,53.0,53.0,30.0,7.0,70.0,62.0,254.0,85.0,58.0,47.0,81.0,25.0,1.0,67.0,154.0,1982-09-27,0000-00-00,7,IND
whiteta01w,34.0,0.0,745.0,302.0,32.0,50.0,82.0,52.0,27.0,9.0,51.0,66.0,304.0,113.0,76.0,57.0,88.0,19.0,1.0,67.0,154.0,1982-09-27,0000-00-00,8,IND
whiteta01w,34.0,9.0,841.0,368.0,25.0,65.0,90.0,65.0,36.0,10.0,99.0,76.0,352.0,136.0,63.0,53.0,127.0,43.0,2.0,67.0,154.0,1982-09-27,0000-00-00,9,IND
whiteta01w,33.0,22.0,894.0,328.0,27.0,74.0,101.0,80.0,43.0,14.0,85.0,88.0,325.0,119.0,60.0,51.0,120.0,39.0,0.0,67.0,154.0,1982-09-27,0000-00-00,10,CON
whitiva01w,,,,,,,,,,,,,,,,,,,,,,,,2,MIN
whitiva01w,26.0,15.0,462.0,88.0,25.0,58.0,83.0,16.0,15.0,14.0,34.0,62.0,90.0,24.0,54.0,40.0,1.0,0.0,0.0,74.0,199.0,1972-04-09,0000-00-00,3,MIN
whitmta01w,,,,,,,,,,,,,,,,,,,,,,,,1,NYL
whitmta01w,32.0,16.0,689.0,277.0,34.0,71.0,105.0,20.0,17.0,17.0,53.0,102.0,253.0,109.0,84.0,59.0,3.0,0.0,1.0,74.0,190.0,1977-06-05,0000-00-00,2,NYL
whitmta01w,32.0,29.0,752.0,226.0,29.0,68.0,97.0,19.0,17.0,10.0,33.0,70.0,222.0,96.0,58.0,33.0,2.0,1.0,0.0,74.0,190.0,1977-06-05,0000-00-00,3,NYL
whitmta01w,32.0,32.0,977.0,406.0,43.0,98.0,141.0,23.0,27.0,43.0,49.0,102.0,310.0,148.0,150.0,110.0,1.0,0.0,1.0,74.0,190.0,1977-06-05,0000-00-00,4,NYL
whitmta01w,33.0,29.0,823.0,271.0,38.0,84.0,122.0,25.0,35.0,22.0,57.0,100.0,242.0,110.0,76.0,50.0,3.0,1.0,1.0,74.0,190.0,1977-06-05,0000-00-00,5,LAS
whitmta01w,34.0,5.0,595.0,210.0,38.0,68.0,106.0,17.0,12.0,5.0,34.0,73.0,173.0,77.0,72.0,49.0,16.0,7.0,0.0,74.0,190.0,1977-06-05,0000-00-00,6,LAS
whitmta01w,34.0,34.0,917.0,327.0,54.0,89.0,143.0,42.0,33.0,14.0,57.0,110.0,265.0,115.0,106.0,92.0,19.0,5.0,1.0,74.0,190.0,1977-06-05,0000-00-00,7,IND
whitmta01w,34.0,34.0,1057.0,528.0,53.0,112.0,165.0,61.0,46.0,12.0,94.0,91.0,435.0,199.0,140.0,115.0,38.0,15.0,1.0,74.0,190.0,1977-06-05,0000-00-00,8,IND
whitmta01w,34.0,25.0,880.0,370.0,45.0,125.0,170.0,51.0,20.0,11.0,84.0,86.0,335.0,139.0,93.0,71.0,70.0,21.0,1.0,74.0,190.0,1977-06-05,0000-00-00,9,CON
whitmta01w,34.0,33.0,911.0,429.0,40.0,121.0,161.0,47.0,20.0,13.0,68.0,95.0,392.0,160.0,96.0,75.0,108.0,34.0,1.0,74.0,190.0,1977-06-05,0000-00-00,10,CON
whittje01w,,,,,,,,,,,,,,,,,,,,,,,,2,WAS
whittkh01w,,,,,,,,,,,,,,,,,,,,,,,,9,IND
whittkh01w,22.0,0.0,186.0,43.0,10.0,24.0,34.0,6.0,9.0,11.0,12.0,42.0,44.0,17.0,17.0,9.0,0.0,0.0,0.0,73.0,185.0,1986-08-05,0000-00-00,10,IND
wickssu01w,,,,,,,,,,,,,,,,,,,,,,,,1,NYL
wickssu01w,32.0,12.0,680.0,156.0,49.0,100.0,149.0,21.0,26.0,39.0,50.0,78.0,143.0,55.0,62.0,45.0,5.0,1.0,1.0,75.0,191.0,1966-11-26,0000-00-00,2,NYL
wickssu01w,30.0,3.0,602.0,157.0,36.0,102.0,138.0,37.0,36.0,30.0,43.0,86.0,130.0,61.0,52.0,35.0,7.0,0.0,2.0,75.0,191.0,1966-11-26,0000-00-00,3,NYL
widemja01w,,,,,,,,,,,,,,,,,,,,,,,,1,POR
wiggica01w,,,,,,,,,,,,,,,,,,,,,,,,9,MIN
wiggica01w,30.0,1.0,824.0,472.0,39.0,58.0,97.0,90.0,54.0,7.0,57.0,113.0,340.0,137.0,197.0,161.0,121.0,37.0,5.0,71.0,154.0,1987-02-14,0000-00-00,10,MIN
wilkibr01w,,,,,,,,,,,,,,,,,,,,,,,,7,SAC
wilkibr01w,4.0,0.0,14.0,6.0,0.0,0.0,0.0,1.0,0.0,0.0,2.0,5.0,7.0,3.0,0.0,0.0,0.0,0.0,0.0,75.0,185.0,1983-06-15,0000-00-00,9,SAS
williad01w,,,,,,,,,,,,,,,,,,,,,,,,1,PHO
williad01w,28.0,2.0,351.0,78.0,24.0,47.0,71.0,16.0,14.0,4.0,29.0,42.0,72.0,29.0,38.0,20.0,0.0,0.0,0.0,77.0,170.0,1977-02-15,0000-00-00,2,PHO
williad01w,25.0,1.0,375.0,96.0,21.0,54.0,75.0,11.0,15.0,5.0,34.0,43.0,113.0,38.0,28.0,20.0,0.0,0.0,0.0,77.0,170.0,1977-02-15,0000-00-00,3,PHO
williad01w,32.0,30.0,878.0,200.0,64.0,156.0,220.0,35.0,48.0,29.0,63.0,88.0,169.0,79.0,60.0,42.0,0.0,0.0,0.0,77.0,170.0,1977-02-15,0000-00-00,4,PHO
williad01w,34.0,33.0,985.0,334.0,68.0,184.0,252.0,31.0,57.0,19.0,73.0,95.0,351.0,141.0,85.0,52.0,1.0,0.0,1.0,77.0,170.0,1977-02-15,0000-00-00,5,PHO
williad01w,34.0,33.0,985.0,334.0,68.0,184.0,252.0,31.0,57.0,19.0,73.0,95.0,351.0,141.0,85.0,52.0,1.0,0.0,1.0,77.0,170.0,1977-02-15,0000-00-00,5,SAS
williad01w,23.0,8.0,294.0,97.0,16.0,33.0,49.0,13.0,19.0,6.0,27.0,35.0,105.0,42.0,21.0,13.0,0.0,0.0,0.0,77.0,170.0,1977-02-15,0000-00-00,7,MIN
williad01w,32.0,0.0,488.0,157.0,40.0,109.0,149.0,8.0,25.0,8.0,19.0,60.0,134.0,60.0,69.0,37.0,1.0,0.0,1.0,77.0,170.0,1977-02-15,0000-00-00,8,SAC
williad01w,34.0,2.0,609.0,211.0,61.0,91.0,152.0,28.0,22.0,6.0,57.0,65.0,179.0,85.0,52.0,41.0,0.0,0.0,1.0,77.0,170.0,1977-02-15,0000-00-00,9,SAC
willian01w,,,,,,,,,,,,,,,,,,,,,,,,6,PHO
willian01w,16.0,0.0,149.0,40.0,9.0,14.0,23.0,9.0,4.0,7.0,11.0,17.0,50.0,15.0,7.0,6.0,18.0,4.0,0.0,72.0,149.0,1983-07-21,0000-00-00,7,DET
willibe01w,,,,,,,,,,,,,,,,,,,,,,,,1,IND
willile01w,,,,,,,,,,,,,,,,,,,,,,,,5,CON
willile01w,23.0,0.0,175.0,68.0,22.0,21.0,43.0,7.0,8.0,2.0,12.0,16.0,38.0,24.0,26.0,20.0,1.0,0.0,0.0,72.0,200.0,1981-02-10,0000-00-00,6,CON
willile01w,18.0,0.0,91.0,24.0,10.0,7.0,17.0,3.0,2.0,0.0,14.0,16.0,17.0,7.0,20.0,10.0,0.0,0.0,0.0,72.0,200.0,1981-02-10,0000-00-00,7,CON
willile01w,29.0,0.0,209.0,63.0,20.0,35.0,55.0,17.0,5.0,0.0,15.0,23.0,53.0,25.0,13.0,7.0,10.0,6.0,0.0,72.0,200.0,1981-02-10,0000-00-00,8,CON
willile01w,28.0,5.0,320.0,58.0,27.0,50.0,77.0,11.0,8.0,6.0,19.0,44.0,52.0,20.0,25.0,18.0,4.0,0.0,0.0,72.0,200.0,1981-02-10,0000-00-00,9,PHO
willile01w,34.0,27.0,834.0,343.0,86.0,116.0,202.0,29.0,22.0,7.0,46.0,116.0,244.0,139.0,81.0,60.0,27.0,5.0,2.0,72.0,200.0,1981-02-10,0000-00-00,10,PHO
willile02w,,,,,,,,,,,,,,,,,,,,,,,,3,DET
willili01w,,,,,,,,,,,,,,,,,,,,,,,,7,LAS
willili01w,24.0,0.0,320.0,111.0,13.0,30.0,43.0,10.0,26.0,0.0,17.0,25.0,91.0,35.0,31.0,22.0,52.0,19.0,0.0,71.0,170.0,1984-06-13,0000-00-00,8,LAS
willili01w,24.0,0.0,320.0,111.0,13.0,30.0,43.0,10.0,26.0,0.0,17.0,25.0,91.0,35.0,31.0,22.0,52.0,19.0,0.0,71.0,170.0,1984-06-13,0000-00-00,8,NYL
willili01w,24.0,0.0,234.0,79.0,14.0,22.0,36.0,13.0,14.0,1.0,34.0,24.0,81.0,28.0,12.0,7.0,53.0,16.0,0.0,71.0,170.0,1984-06-13,0000-00-00,9,NYL
willili01w,34.0,2.0,458.0,191.0,8.0,50.0,58.0,14.0,29.0,5.0,31.0,45.0,140.0,59.0,30.0,29.0,94.0,44.0,0.0,71.0,170.0,1984-06-13,0000-00-00,10,SAC
willina01w,,,,,,,,,,,,,,,,,,,,,,,,1,UTA
willina01w,29.0,29.0,1039.0,543.0,132.0,204.0,336.0,51.0,35.0,18.0,79.0,124.0,365.0,179.0,228.0,182.0,5.0,3.0,3.0,74.0,210.0,1970-11-30,0000-00-00,2,UTA
willina01w,31.0,31.0,1064.0,439.0,111.0,197.0,308.0,55.0,41.0,10.0,70.0,128.0,349.0,171.0,133.0,97.0,4.0,0.0,4.0,74.0,210.0,1970-11-30,0000-00-00,3,UTA
willina01w,31.0,31.0,1008.0,351.0,105.0,150.0,255.0,38.0,38.0,16.0,72.0,122.0,285.0,124.0,132.0,98.0,12.0,5.0,4.0,74.0,210.0,1970-11-30,0000-00-00,4,IND
willina01w,34.0,34.0,1054.0,457.0,109.0,146.0,255.0,46.0,43.0,21.0,70.0,138.0,363.0,176.0,148.0,105.0,1.0,0.0,2.0,74.0,210.0,1970-11-30,0000-00-00,5,IND
willina01w,34.0,34.0,956.0,349.0,93.0,142.0,235.0,62.0,40.0,23.0,65.0,122.0,293.0,133.0,119.0,83.0,4.0,0.0,3.0,74.0,210.0,1970-11-30,0000-00-00,6,IND
williri01w,,,,,,,,,,,,,,,,,,,,,,,,1,IND
williri01w,32.0,29.0,1014.0,352.0,22.0,73.0,95.0,101.0,76.0,3.0,69.0,69.0,274.0,112.0,108.0,79.0,131.0,49.0,1.0,66.0,135.0,1976-01-14,0000-00-00,2,IND
williri01w,32.0,29.0,1042.0,380.0,25.0,79.0,104.0,114.0,72.0,11.0,100.0,71.0,293.0,115.0,130.0,109.0,109.0,41.0,0.0,66.0,135.0,1976-01-14,0000-00-00,3,IND
williri01w,32.0,29.0,1042.0,380.0,25.0,79.0,104.0,114.0,72.0,11.0,100.0,71.0,293.0,115.0,130.0,109.0,109.0,41.0,0.0,66.0,135.0,1976-01-14,0000-00-00,3,HOU
williri01w,29.0,1.0,569.0,139.0,10.0,33.0,43.0,50.0,32.0,2.0,39.0,45.0,146.0,44.0,44.0,32.0,73.0,19.0,0.0,66.0,135.0,1976-01-14,0000-00-00,4,SEA
willish01w,,,,,,,,,,,,,,,,,,,,,,,,4,LAS
willita01w,,,,,,,,,,,,,,,,,,,,,,,,1,POR
willito01w,,,,,,,,,,,,,,,,,,,,,,,,5,SAS
williwe01w,,,,,,,,,,,,,,,,,,,,,,,,2,LAS
wilsoam01w,,,,,,,,,,,,,,,,,,,,,,,,1,PHO
wirthch01w,,,,,,,,,,,,,,,,,,,,,,,,10,IND
wisdoli01w,,,,,,,,,,,,,,,,,,,,,,,,10,LAS
witheso01w,,,,,,,,,,,,,,,,,,,,,,,,1,POR
witheso01w,32.0,32.0,1061.0,538.0,23.0,82.0,105.0,68.0,38.0,8.0,88.0,72.0,456.0,175.0,147.0,128.0,163.0,60.0,1.0,70.0,145.0,1969-07-06,0000-00-00,2,POR
witheso01w,31.0,30.0,862.0,373.0,20.0,54.0,74.0,54.0,30.0,8.0,72.0,59.0,358.0,113.0,106.0,90.0,182.0,57.0,0.0,70.0,145.0,1969-07-06,0000-00-00,3,LAS
witheso01w,31.0,1.0,358.0,161.0,9.0,20.0,29.0,29.0,13.0,2.0,22.0,27.0,118.0,49.0,46.0,35.0,67.0,28.0,0.0,70.0,145.0,1969-07-06,0000-00-00,4,LAS
wolteka01w,,,,,,,,,,,,,,,,,,,,,,,,1,IND
wolteka01w,31.0,30.0,793.0,370.0,46.0,118.0,164.0,39.0,12.0,49.0,73.0,99.0,264.0,148.0,100.0,74.0,0.0,0.0,2.0,79.0,227.0,1975-08-15,0000-00-00,2,SAC
wolteka01w,31.0,1.0,378.0,151.0,21.0,53.0,74.0,17.0,4.0,25.0,33.0,55.0,134.0,63.0,31.0,25.0,0.0,0.0,0.0,79.0,227.0,1975-08-15,0000-00-00,3,SAC
wolvean01w,,,,,,,,,,,,,,,,,,,,,,,,2,CLE
wrighsh01w,,,,,,,,,,,,,,,,,,,,,,,,5,PHO
wrighsh01w,24.0,0.0,243.0,57.0,17.0,10.0,27.0,8.0,3.0,1.0,15.0,19.0,42.0,13.0,32.0,25.0,13.0,6.0,0.0,70.0,155.0,1981-09-21,0000-00-00,6,PHO
wrighta01w,,,,,,,,,,,,,,,,,,,,,,,,6,SEA
wrighta01w,34.0,8.0,528.0,122.0,20.0,37.0,57.0,53.0,18.0,3.0,40.0,60.0,106.0,49.0,36.0,24.0,1.0,0.0,1.0,71.0,165.0,1983-11-20,0000-00-00,7,SEA
wrighta01w,33.0,0.0,508.0,124.0,19.0,41.0,60.0,41.0,11.0,2.0,52.0,53.0,119.0,42.0,45.0,38.0,14.0,2.0,0.0,71.0,165.0,1983-11-20,0000-00-00,8,SEA
wrighta01w,34.0,5.0,547.0,139.0,17.0,26.0,43.0,69.0,31.0,2.0,55.0,56.0,125.0,50.0,39.0,33.0,22.0,6.0,0.0,71.0,165.0,1983-11-20,0000-00-00,9,SEA
wrighta01w,34.0,14.0,808.0,268.0,32.0,84.0,116.0,84.0,31.0,8.0,78.0,94.0,250.0,108.0,61.0,48.0,24.0,4.0,1.0,71.0,165.0,1983-11-20,0000-00-00,10,SEA
wyckobr01w,,,,,,,,,,,,,,,,,,,,,,,,2,ORL
wyckobr01w,32.0,27.0,648.0,108.0,48.0,74.0,122.0,37.0,26.0,15.0,50.0,91.0,125.0,41.0,28.0,20.0,37.0,6.0,2.0,73.0,183.0,1980-03-30,0000-00-00,3,ORL
wyckobr01w,32.0,5.0,514.0,81.0,28.0,62.0,90.0,32.0,19.0,18.0,30.0,71.0,95.0,31.0,7.0,5.0,50.0,14.0,1.0,73.0,183.0,1980-03-30,0000-00-00,4,CON
wyckobr01w,34.0,22.0,755.0,156.0,48.0,98.0,146.0,35.0,33.0,19.0,39.0,109.0,142.0,55.0,36.0,26.0,70.0,20.0,1.0,73.0,183.0,1980-03-30,0000-00-00,6,CON
wyckobr01w,34.0,1.0,596.0,105.0,25.0,70.0,95.0,35.0,13.0,9.0,28.0,82.0,88.0,35.0,20.0,13.0,52.0,22.0,0.0,73.0,183.0,1980-03-30,0000-00-00,7,CHI
wyckobr01w,15.0,13.0,345.0,50.0,15.0,25.0,40.0,33.0,14.0,12.0,16.0,40.0,66.0,16.0,10.0,8.0,43.0,10.0,0.0,73.0,183.0,1980-03-30,0000-00-00,8,CHI
wyckobr01w,34.0,7.0,520.0,98.0,24.0,84.0,108.0,47.0,20.0,18.0,27.0,81.0,85.0,32.0,13.0,10.0,67.0,24.0,2.0,73.0,183.0,1980-03-30,0000-00-00,9,CHI
wyckobr01w,34.0,23.0,594.0,75.0,14.0,65.0,79.0,46.0,14.0,20.0,34.0,80.0,73.0,25.0,16.0,9.0,51.0,16.0,0.0,73.0,183.0,1980-03-30,0000-00-00,10,CHI
wynneda01w,,,,,,,,,,,,,,,,,,,,,,,,2,SAC
yamasli01w,,,,,,,,,,,,,,,,,,,,,,,,3,MIA
yamasli01w,15.0,0.0,147.0,52.0,3.0,12.0,15.0,9.0,4.0,1.0,10.0,20.0,43.0,19.0,10.0,5.0,17.0,9.0,0.0,73.0,190.0,1980-06-02,0000-00-00,4,NYL
yilmane01w,,,,,,,,,,,,,,,,,,,,,,,,4,PHO
yilmane01w,5.0,1.0,34.0,14.0,3.0,0.0,3.0,2.0,0.0,0.0,4.0,7.0,15.0,7.0,2.0,0.0,0.0,0.0,0.0,76.0,193.0,1980-06-06,0000-00-00,5,SAS
youngca01w,,,,,,,,,,,,,,,,,,,,,,,,2,POR
youngca01w,23.0,1.0,279.0,111.0,10.0,24.0,34.0,15.0,14.0,1.0,27.0,27.0,99.0,37.0,37.0,27.0,34.0,10.0,0.0,69.0,175.0,1969-07-28,0000-00-00,3,POR
youngso01w,,,,,,,,,,,,,,,,,,,,,,,,7,SAS
youngso01w,34.0,34.0,1057.0,408.0,85.0,172.0,257.0,50.0,57.0,13.0,45.0,70.0,370.0,154.0,137.0,100.0,4.0,0.0,0.0,73.0,165.0,1983-12-15,0000-00-00,8,SAS
youngso01w,33.0,33.0,1106.0,553.0,72.0,121.0,193.0,51.0,49.0,12.0,61.0,100.0,448.0,214.0,167.0,125.0,5.0,0.0,0.0,73.0,165.0,1983-12-15,0000-00-00,9,SAS
youngso01w,33.0,33.0,1054.0,576.0,52.0,134.0,186.0,75.0,53.0,17.0,57.0,86.0,433.0,207.0,206.0,162.0,3.0,0.0,1.0,73.0,165.0,1983-12-15,0000-00-00,10,SAS
youngta01w,,,,,,,,,,,,,,,,,,,,,,,,9,ATL
youngta01w,33.0,15.0,745.0,240.0,44.0,95.0,139.0,41.0,30.0,10.0,59.0,97.0,240.0,80.0,97.0,67.0,40.0,13.0,2.0,74.0,166.0,1986-10-30,0000-00-00,10,ATL
youngta01w,33.0,15.0,745.0,240.0,44.0,95.0,139.0,41.0,30.0,10.0,59.0,97.0,240.0,80.0,97.0,67.0,40.0,13.0,2.0,74.0,166.0,1986-10-30,0000-00-00,10,CHI
zakalok01w,,,,,,,,,,,,,,,,,,,,,,,,1,DET
zakalok01w,23.0,0.0,258.0,89.0,15.0,31.0,46.0,2.0,5.0,13.0,19.0,45.0,73.0,38.0,11.0,10.0,7.0,3.0,0.0,78.0,174.0,1977-12-18,0000-00-00,3,DET
zakalok01w,23.0,0.0,258.0,89.0,15.0,31.0,46.0,2.0,5.0,13.0,19.0,45.0,73.0,38.0,11.0,10.0,7.0,3.0,0.0,78.0,174.0,1977-12-18,0000-00-00,3,PHO
zarafr01w,,,,,,,,,,,,,,,,,,,,,,,,6,SEA
zellosh01w,,,,,,,,,,,,,,,,,,,,,,,,10,DET
zirkozu01w,,,,,,,,,,,,,,,,,,,,,,,,4,WAS
zollsh01w,,,,,,,,,,,,,,,,,,,,,,,,9,MIN
